"rid"	"temp.short"	"temp.long"	"prec.short"	"prec.long"	"potential.short"	"potential.long"	"content.short"	"content.long"	"replicate"
"1"	1	11.9189149964158	12.0539487875417	415.3	383.086206896552	-0.229001532299665	-0.251342272920354	30.7248366396374	30.5020861910801	20
"2"	5	11.9189149964158	12.0539487875417	415.3	383.086206896552	-0.159463325747376	-0.18791645436653	50.4032821757947	49.6320294028636	20
"3"	9	10.3401066523297	10.4752475743419	913.233333333333	880.689655172414	-0.113341522944623	-0.140529326970972	35.5409979942877	34.792311550755	20
"4"	13	10.3401066523297	10.4752475743419	913.233333333333	880.689655172414	-0.0580407035884216	-0.0916308857336922	56.3731683492288	55.2309987410891	20
"5"	17	8.54845654480287	8.62000007119021	1271.23333333333	1204.72068965517	-0.0324417033424516	-0.04103864559298	38.456171830719	38.7574648479147	20
"6"	21	8.54845654480287	8.62000007119021	1271.23333333333	1204.72068965517	-0.0224898648536367	-0.0265060713856635	59.7757075607909	59.970029356754	20
"7"	25	13.5717870967742	14.3907537916203	378.166666666667	409.506896551724	-0.242916600255291	-0.306261628312078	29.7077905226888	29.7317571569614	20
"8"	29	13.5717870967742	14.3907537916203	378.166666666667	409.506896551724	-0.177723770877818	-0.239631939631291	48.9874368345443	48.8589191497933	20
"9"	33	12.0409749390681	12.8680840697071	915.333333333333	952.165517241379	-0.175155467554846	-0.242496274141751	33.9814954655653	33.066025135468	20
"10"	37	12.0409749390681	12.8680840697071	915.333333333333	952.165517241379	-0.127103601493567	-0.187234103066448	53.8697645196614	52.7956264535556	20
"11"	41	10.250214609319	11.0504372043011	1254.96666666667	1305.91379310345	-0.0183454911240367	-0.105143255407766	39.5666433837907	36.8879880602262	20
"12"	45	10.250214609319	11.0504372043011	1254.96666666667	1305.91379310345	-0.0171748315439512	-0.0762097447750351	60.9262691724663	57.7144202328013	20
"13"	49	15.1582216630824	14.6902348743048	390.9	461.010344827586	-0.374829520942113	-0.27301659381368	28.7781500097646	30.6918969547358	20
"14"	53	15.1582216630824	14.6902348743048	390.9	461.010344827586	-0.303921284263825	-0.216156613786507	47.323643734353	49.9045401400357	20
"15"	57	13.6202258924731	13.1044160949203	864.833333333333	1056.06206896552	-0.313188670133006	-0.221290056137878	30.9600331740466	33.2004368462527	20
"16"	61	13.6202258924731	13.1044160949203	864.833333333333	1056.06206896552	-0.261695984642245	-0.164125706082539	49.6513719798086	52.8903301458741	20
"17"	65	11.73920590681	11.2463325413422	1174.53333333333	1455.84827586207	-0.162646479834499	-0.0718240312467143	34.4539750885321	37.568820796443	20
"18"	69	11.73920590681	11.2463325413422	1174.53333333333	1455.84827586207	-0.0988373065692655	-0.0435978079074904	54.6253020090972	58.5797708429006	20
"19"	73	14.3926382508961	15.2416622187616	442.166666666667	465	-0.32947101497808	-0.245337063071089	28.7179100460557	31.0906204724458	20
"20"	77	14.3926382508961	15.2416622187616	442.166666666667	465	-0.26282723217986	-0.178594116083003	46.9931216462464	50.7245591110396	20
"21"	81	12.9353099784946	13.7275552614016	1048.3	1051.67586206897	-0.216619049995856	-0.230338770773309	31.6239515699347	32.9411997056613	20
"22"	85	12.9353099784946	13.7275552614016	1048.3	1051.67586206897	-0.146639307105901	-0.16724565786008	51.213067196242	52.563627157942	20
"23"	89	11.1442924587814	11.914019679644	1431.06666666667	1446.96896551724	-0.0314796692087384	-0.118492966186497	38.2107872056457	36.4604428408198	20
"24"	93	11.1442924587814	11.914019679644	1431.06666666667	1446.96896551724	-0.0223542193588326	-0.0817195492090707	59.5704129943213	57.2192300821946	20
"25"	97	16.0448854767025	17.2251662884687	364.766666666667	433.258620689655	-0.428086082341663	-0.382685437264187	26.7627981890891	27.9734629216471	20
"26"	101	16.0448854767025	17.2251662884687	364.766666666667	433.258620689655	-0.377559220927874	-0.304451319145465	43.9571652266017	46.1201468429942	20
"27"	105	14.5621608602151	15.7863017575083	914.4	1028.6	-0.351658846503423	-0.330524991100338	29.880801503445	30.7429064085639	20
"28"	109	14.5621608602151	15.7863017575083	914.4	1028.6	-0.280731281689842	-0.253201707314875	48.2656001753413	49.6075976047705	20
"29"	113	12.7357497060932	13.9892271931776	1217.7	1391.4	-0.175513177663415	-0.236764446836248	33.7573654734192	32.8101970394997	20
"30"	117	12.7357497060932	13.9892271931776	1217.7	1391.4	-0.109548275693573	-0.173341183085596	53.599526344214	52.5406866886443	20
"31"	2	11.4742593978495	11.6932512925473	343.633333333333	381.351724137931	-0.417946209560581	-0.271128201646931	27.1483725732082	29.9805460775476	20
"32"	6	11.4742593978495	11.6932512925473	343.633333333333	381.351724137931	-0.356185117640826	-0.21150445415721	44.5997375534299	48.7724710586201	20
"33"	10	9.94211515412186	10.128758877271	808.4	879.21724137931	-0.204293790589703	-0.144853026398805	32.5992097430773	34.6992253008704	20
"34"	14	9.94211515412186	10.128758877271	808.4	879.21724137931	-0.144197500105079	-0.0935352372134308	52.0319027679873	55.1211998367226	20
"35"	18	8.14068937634409	8.27281498553949	1128.73333333333	1208.41034482759	-0.0355372208927458	-0.0428351428237575	39.1078231847977	38.9430429174589	20
"36"	22	8.14068937634409	8.27281498553949	1128.73333333333	1208.41034482759	-0.0265388028703774	-0.027456929884707	60.3625758202103	60.1385112617455	20
"37"	26	15.9513357992832	14.5196764390063	367.233333333333	408.696551724138	-0.537347363878836	-0.329028590524963	25.1991216380383	29.310082595911	20
"38"	30	15.9513357992832	14.5196764390063	367.233333333333	408.696551724138	-0.453793922041576	-0.259049020156142	42.6918234853808	48.2232430701471	20
"39"	34	14.51262609319	13.0171711560994	851.433333333333	946.5	-0.41884308972796	-0.259986240978546	29.84974777588	32.7949578791005	20
"40"	38	14.51262609319	13.0171711560994	851.433333333333	946.5	-0.356604440905013	-0.199503069173116	48.0061066866648	52.4458259862596	20
"41"	42	12.7160858207885	11.1961866295884	1209.8	1313	-0.309959082697441	-0.112731384995075	32.4043181221129	36.6123643060243	20
"42"	46	12.7160858207885	11.1961866295884	1209.8	1313	-0.23883628346767	-0.0818739265077136	51.7490497151552	57.4067866206824	20
"43"	50	15.9026902508961	14.9542629054505	463.433333333333	442.237931034483	-0.339917031686073	-0.323300465451164	29.1931901980766	29.6908427263451	20
"44"	54	15.9026902508961	14.9542629054505	463.433333333333	442.237931034483	-0.27730691342026	-0.261667618612013	47.2511692464724	48.3668303033335	20
"45"	58	14.5145075842294	13.3709646510938	1095.8	1026.26551724138	-0.234997059130802	-0.265495640620268	32.7977726592269	32.3489921542543	20
"46"	62	14.5145075842294	13.3709646510938	1095.8	1026.26551724138	-0.170336100558369	-0.208085768811213	51.7334138713896	51.4965721482965	20
"47"	66	12.7795497204301	11.5259155402299	1517.33333333333	1413.52068965517	-0.0647187746623145	-0.0819324668966267	37.4229906290403	37.2571404645051	20
"48"	70	12.7795497204301	11.5259155402299	1517.33333333333	1413.52068965517	-0.0304332365059065	-0.0543101780162495	58.5909726452722	58.1648295670324	20
"49"	74	16.4940599856631	15.1461698079347	427.566666666667	454.558620689655	-0.332003720907741	-0.271107019982703	29.577922618013	30.8370695508035	20
"50"	78	16.4940599856631	15.1461698079347	427.566666666667	454.558620689655	-0.26511195906372	-0.20643435861902	47.9271024099379	50.1991894951772	20
"51"	82	15.0441015913978	13.6245442195032	1029.23333333333	1051.76551724138	-0.374591675892229	-0.242200612712373	30.7646772254777	33.0357569210915	20
"52"	86	15.0441015913978	13.6245442195032	1029.23333333333	1051.76551724138	-0.30472363672282	-0.178015979335794	48.9924048182028	52.6147869430793	20
"53"	90	13.2746002293907	11.8058294801631	1396.83333333333	1439.37586206897	-0.26497974193001	-0.128020633558747	32.9331648750571	36.2516510176607	20
"54"	94	13.2746002293907	11.8058294801631	1396.83333333333	1439.37586206897	-0.208026507541561	-0.0841569539529049	52.3575376377779	56.96755821315	20
"55"	98	18.7989058064516	17.6474331568409	431.5	418.255172413793	-0.549079801789156	-0.428036502069026	25.9573540658875	26.7153281777946	20
"56"	102	18.7989058064516	17.6474331568409	431.5	418.255172413793	-0.500253328385026	-0.335011739178579	42.2426631285735	44.6263244044261	20
"57"	106	17.4096777921147	16.2111495632184	1036.1	990.034482758621	-0.483866951680862	-0.354493660680335	28.0239563938806	30.100620283524	20
"58"	110	17.4096777921147	16.2111495632184	1036.1	990.034482758621	-0.403690518967161	-0.275297652310288	45.3870066525633	48.8476380611176	20
"59"	114	15.5893331469534	14.4269632154245	1450.06666666667	1342.45517241379	-0.386608004051418	-0.273028997627463	29.9615167082493	31.8621657774237	20
"60"	118	15.5893331469534	14.4269632154245	1450.06666666667	1342.45517241379	-0.315062799620189	-0.206827779862441	48.472334872143	51.3627823350045	20
"61"	3	11.5823010896057	12.0466646748239	373.366666666667	397.941379310345	-0.286865685641426	-0.215613840939577	30.3764333435809	31.3203880275291	20
"62"	7	11.5823010896057	12.0466646748239	373.366666666667	397.941379310345	-0.232652100257055	-0.159614008312557	49.2069588610281	50.7440344935836	20
"63"	11	9.94211572759857	10.4737616477568	872.666666666667	891.913793103448	-0.155984317232964	-0.135969875118175	35.3252289330034	35.1122472382486	20
"64"	15	9.94211572759857	10.4737616477568	872.666666666667	891.913793103448	-0.134341480551841	-0.0895935808308182	55.5449040666847	55.4387113978266	20
"65"	19	8.01376887455197	8.63871160103819	1188.56666666667	1240.97586206897	-0.0626688984441985	-0.0462821953082723	38.845729094766	38.8155051192198	20
"66"	23	8.01376887455197	8.63871160103819	1188.56666666667	1240.97586206897	-0.0412511081379076	-0.0314333927420565	59.941101095809	59.9712809774846	20
"67"	27	14.1150088172043	14.1089119184279	491.566666666667	405.424137931034	-0.13496323076437	-0.248898130440157	31.721589926411	30.0528445743786	20
"68"	31	14.1150088172043	14.1089119184279	491.566666666667	405.424137931034	-0.0626395578499297	-0.183408846726135	52.3581301308926	49.3706112719302	20
"69"	35	12.4754155555556	12.5149234349277	1130.2	935.903448275862	-0.0608332469468528	-0.171178407280773	35.5717002558869	34.0454526389511	20
"70"	39	12.4754155555556	12.5149234349277	1130.2	935.903448275862	-0.0322917269315515	-0.121349541082191	56.8553681402623	54.3137658569136	20
"71"	43	10.6014410609319	10.6831916929922	1542.1	1271.13793103448	-0.0189964911151837	-0.0675651613834924	39.6260214728846	37.7800879345521	20
"72"	47	10.6014410609319	10.6831916929922	1542.1	1271.13793103448	-0.01741275202506	-0.0473147097667831	60.9856472615602	58.897076595209	20
"73"	51	14.7387507240143	14.9963974000742	426	423.944827586207	-0.332670161355288	-0.312468686100796	29.214528747487	29.5718887366978	20
"74"	55	14.7387507240143	14.9963974000742	426	423.944827586207	-0.252829068982186	-0.24067292944709	48.1692854402723	48.3856704665831	20
"75"	59	13.1477519139785	13.4871163396366	981.566666666667	960.468965517241	-0.267765404429695	-0.257158614286667	32.1052142172898	32.2904717668984	20
"76"	63	13.1477519139785	13.4871163396366	981.566666666667	960.468965517241	-0.208321911094078	-0.196922369680061	51.1469379466967	51.4122687349952	20
"77"	67	11.3232412903226	11.6571361646274	1350.46666666667	1315.16551724138	-0.0197687921121271	-0.0904783081404137	39.3540467180286	36.7274862706842	20
"78"	71	11.3232412903226	11.6571361646274	1350.46666666667	1315.16551724138	-0.017868096388432	-0.0556667652440501	60.7136725067042	57.5580139461286	20
"79"	75	15.1297489462366	15.3365294653319	380.033333333333	439.648275862069	-0.369170945060125	-0.35151637990789	28.7093743314819	29.0508106229944	20
"80"	79	15.1297489462366	15.3365294653319	380.033333333333	439.648275862069	-0.28440021703014	-0.280674402527741	47.6691114169268	47.6384532480103	20
"81"	83	13.6402870537634	13.8655716811272	930.433333333333	1051.36551724138	-0.310489104910355	-0.255987881551978	31.7937778184088	32.3191589142382	20
"82"	87	13.6402870537634	13.8655716811272	930.433333333333	1051.36551724138	-0.241872426583706	-0.195251938090984	51.1798550135768	51.696002367679	20
"83"	91	11.8576437992832	12.0673394052651	1293.4	1452.18620689655	-0.161545122304151	-0.106490612793219	35.3685658955261	36.8160302464044	20
"84"	95	11.8576437992832	12.0673394052651	1293.4	1452.18620689655	-0.103645062516899	-0.0760621081159102	55.9367413058783	57.5920696464669	20
"85"	99	17.1070977060932	17.1445327875417	482.266666666667	440.465517241379	-0.329411835472575	-0.351914440782632	30.1122837601516	28.5868387615842	20
"86"	103	17.1070977060932	17.1445327875417	482.266666666667	440.465517241379	-0.27541742257096	-0.281334222387493	49.217621102266	47.0220756806956	20
"87"	107	15.5942989964158	15.6806548209121	1120.36666666667	1062.33448275862	-0.373342160454879	-0.306021252783244	31.339426297939	31.057675743283	20
"88"	111	15.5942989964158	15.6806548209121	1120.36666666667	1062.33448275862	-0.308175397993769	-0.229984119324905	50.3372222123072	50.2612318790245	20
"89"	115	13.7978296774194	13.8706931479422	1491.16666666667	1429.33448275862	-0.318286986714212	-0.183712969753118	32.154163209276	34.0477153893637	20
"90"	119	13.7978296774194	13.8706931479422	1491.16666666667	1429.33448275862	-0.276837624655078	-0.130729079796183	51.0830687504558	54.2074344682273	20
"91"	4	11.8929708960573	11.9221560207638	402.766666666667	382.875862068966	-0.333908802601474	-0.306811587291767	28.7397746250663	29.6436530271452	20
"92"	8	11.8929708960573	11.9221560207638	402.766666666667	382.875862068966	-0.271146663818158	-0.254636639164689	46.5824114675476	48.1065152379282	20
"93"	12	10.1927891182796	10.3651881913237	985.7	897.310344827586	-0.0941840891766356	-0.158656488100156	35.5984264555585	34.6795447456052	20
"94"	16	10.1927891182796	10.3651881913237	985.7	897.310344827586	-0.0423554767861569	-0.111947121066719	56.63994034881	54.918485618637	20
"95"	20	8.33005405017921	8.50486811271784	1364.3	1238.96896551724	-0.0259575859903025	-0.0477583332038548	39.7845259419054	38.8471468790412	20
"96"	24	8.33005405017921	8.50486811271784	1364.3	1238.96896551724	-0.0202241109224797	-0.0314240313680695	61.0481427478035	60.0039285392467	20
"97"	28	13.9970779498208	14.3986613125695	417.666666666667	439.237931034483	-0.351163337611484	-0.249680347442634	29.3602867366221	30.6551259910255	20
"98"	32	13.9970779498208	14.3986613125695	417.666666666667	439.237931034483	-0.275863654828731	-0.174643093369466	48.632513377298	50.4218486673689	20
"99"	36	12.5618412043011	12.8083139206526	929.366666666667	992.4	-0.285532620523222	-0.189996539201588	32.4884936161193	33.8318904057839	20
"100"	40	12.5618412043011	12.8083139206526	929.366666666667	992.4	-0.23478031249406	-0.132573317955762	52.095751569699	54.1992840460248	20
"101"	44	10.7581052473118	10.9497616002966	1259.1	1349.47586206897	-0.148551214694653	-0.0847520339036228	36.311978262161	37.6160472136827	20
"102"	48	10.7581052473118	10.9497616002966	1259.1	1349.47586206897	-0.120325299797928	-0.0619728563532982	56.8832936633771	58.6269492762608	20
"103"	52	14.5155003297491	14.8382035431961	489.033333333333	435.024137931034	-0.248018922112436	-0.260564375052568	31.3761019050436	30.1567299949231	20
"104"	56	14.5155003297491	14.8382035431961	489.033333333333	435.024137931034	-0.195011759254477	-0.183388745446265	51.1045966319813	49.693131936306	20
"105"	60	13.0204255483871	13.3137595491287	1090.03333333333	972.251724137931	-0.236104234165909	-0.248082879382167	32.841320872437	32.5676268966182	20
"106"	64	13.0204255483871	13.3137595491287	1090.03333333333	972.251724137931	-0.174608467562828	-0.181049790065468	52.6119054250612	52.1061817715881	20
"107"	68	11.1980307096774	11.4896365947349	1497.1	1332.37586206897	-0.122758609992122	-0.0904993586093446	36.1432402315435	36.8043477038697	20
"108"	72	11.1980307096774	11.4896365947349	1497.1	1332.37586206897	-0.0759887948646502	-0.0528910846957086	56.8784772043397	57.7085505954794	20
"109"	76	15.4518017921147	15.1949672688172	396.233333333333	439.272413793103	-0.285766836035837	-0.346297825338628	29.4614772002631	29.296426200624	20
"110"	80	15.4518017921147	15.1949672688172	396.233333333333	439.272413793103	-0.213031836504436	-0.272891103336072	48.749599924848	48.0314302002745	20
"111"	84	13.9095109677419	13.6953895380052	996.933333333333	1034.96206896552	-0.265525418700576	-0.282803304636803	32.0395187640474	32.1782263227829	20
"112"	88	13.9095109677419	13.6953895380052	996.933333333333	1034.96206896552	-0.178184630425781	-0.210906604076076	51.8358776700003	51.4811643900177	20
"113"	92	12.1281145519713	11.8735114408602	1375.9	1419.52413793103	-0.184392334387833	-0.147570992694896	34.4790426079264	35.6834233323339	20
"114"	96	12.1281145519713	11.8735114408602	1375.9	1419.52413793103	-0.134847095324947	-0.098324617865696	54.82900802209	56.2040038795316	20
"115"	100	16.879685390681	17.3020589677419	359.766666666667	448.7	-0.356652221610605	-0.341219634571816	27.966842654033	28.7504346083885	20
"116"	104	16.879685390681	17.3020589677419	359.766666666667	448.7	-0.304652818245361	-0.265718114976194	45.7599344477294	47.304318884568	20
"117"	108	15.415181734767	15.8417856180942	822.466666666667	1063.40344827586	-0.280899383958845	-0.294476723769127	31.5056542781435	31.5476975500116	20
"118"	112	15.415181734767	15.8417856180942	822.466666666667	1063.40344827586	-0.200045667547187	-0.219937544208506	50.5564155214191	50.7874462762104	20
"119"	116	13.5921248888889	14.0252515253986	1122.96666666667	1422.99655172414	-0.148995470162767	-0.22020031907888	34.3842627554813	33.5470841209237	20
"120"	120	13.5921248888889	14.0252515253986	1122.96666666667	1422.99655172414	-0.0838903515010782	-0.16383378472499	55.2961198289777	53.3997717580877	20
