"rid"	"temp.short"	"temp.long"	"prec.short"	"prec.long"	"potential.short"	"potential.long"	"content.short"	"content.long"	"replicate"
"1"	1	12.8824507383513	12.3171590537634	367.4	387.803448275862	-0.267136731028376	-0.242247756517353	29.9761016363105	30.649372409189	15
"2"	5	12.8824507383513	12.3171590537634	367.4	387.803448275862	-0.201364896338801	-0.181632664612895	49.1774275787906	49.9835248016447	15
"3"	9	11.3673565448029	10.756154429366	841.566666666667	886.703448275862	-0.172090581701679	-0.14770099926759	33.5844080935469	34.5948933259841	15
"4"	13	11.3673565448029	10.756154429366	841.566666666667	886.703448275862	-0.114464764268341	-0.0994330088285121	53.7539684882014	54.9088687875456	15
"5"	17	9.5844928172043	8.91009581164257	1142.2	1204.96551724138	-0.0937482967610375	-0.0649304963250509	36.6163812091048	38.0324345076921	15
"6"	21	9.5844928172043	8.91009581164257	1142.2	1204.96551724138	-0.0556726468855983	-0.0453081755498545	57.633216990908	59.042409299633	15
"7"	25	14.3003454336918	14.5291727964405	459.666666666667	447.855172413793	-0.224775023921166	-0.271861212889774	32.3645326670909	30.546508041422	15
"8"	29	14.3003454336918	14.5291727964405	459.666666666667	447.855172413793	-0.141958565197041	-0.198572196814382	52.3850999772828	50.0682115409365	15
"9"	33	12.8169191684588	13.0053740022247	1013.43333333333	1019.57586206897	-0.200826339203979	-0.213491022048303	34.5214518076503	33.6792383743938	15
"10"	37	12.8169191684588	13.0053740022247	1013.43333333333	1019.57586206897	-0.151432466558876	-0.159660787665269	54.7815522237536	53.6363332558305	15
"11"	41	11.0198057634409	11.1829556840934	1427.16666666667	1392.63448275862	-0.137212592260182	-0.107428675814226	36.7033787870844	36.9339719172304	15
"12"	45	11.0198057634409	11.1829556840934	1427.16666666667	1392.63448275862	-0.106835689838459	-0.0792353528148925	57.0478136467833	57.7006247437714	15
"13"	49	15.9138326021505	15.2710307927327	367.433333333333	412.237931034483	-0.457555448967918	-0.362226080857407	26.2604331951874	28.2184524430363	15
"14"	53	15.9138326021505	15.2710307927327	367.433333333333	412.237931034483	-0.385465285014749	-0.290237625657402	43.5787513556051	46.466834258055	15
"15"	57	14.5329160573477	13.7626891568409	985.766666666667	999.103448275862	-0.2987495293808	-0.239064944198794	31.4515381539284	32.3786882118832	15
"16"	61	14.5329160573477	13.7626891568409	985.766666666667	999.103448275862	-0.224279797997002	-0.176523703202369	50.9835318770269	51.9777808965059	15
"17"	65	12.7710077419355	11.9466579340007	1382.16666666667	1385.70344827586	-0.109645925879708	-0.0779960086315381	36.7634220909026	37.3531796623531	15
"18"	69	12.7710077419355	11.9466579340007	1382.16666666667	1385.70344827586	-0.0718247506436239	-0.0511684557917238	57.6981303987127	58.2770351954033	15
"19"	73	15.4132287885305	15.5663892369299	437.7	456.255172413793	-0.333401679143848	-0.295777506857722	29.5740655806459	29.8642877597446	15
"20"	77	15.4132287885305	15.5663892369299	437.7	456.255172413793	-0.249650696656704	-0.219298137764733	47.9153780747369	48.7975432237443	15
"21"	81	13.9801174050179	14.0703423908046	1023.23333333333	1029.71379310345	-0.317273759911209	-0.279742942866422	32.0059108391701	32.1476533504608	15
"22"	85	13.9801174050179	14.0703423908046	1023.23333333333	1029.71379310345	-0.257288515523596	-0.213840734556207	50.3472073582569	51.209952576522	15
"23"	89	12.1658922724014	12.255299437894	1410.7	1423.81724137931	-0.181750753350187	-0.16438757325512	34.8409808355212	35.1911938284116	15
"24"	93	12.1658922724014	12.255299437894	1410.7	1423.81724137931	-0.119931639217969	-0.112330800507444	55.0964316439992	55.4633122073121	15
"25"	97	18.2323123010753	17.3538989247312	450.733333333333	463.048275862069	-0.504413118309502	-0.382740053744955	27.7534734767934	28.3607655374582	15
"26"	101	18.2323123010753	17.3538989247312	450.733333333333	463.048275862069	-0.42368511344702	-0.302533696050151	45.3434123494449	46.6920505452662	15
"27"	105	16.8870646451613	15.9774609684835	1106.93333333333	1098.19655172414	-0.448963533173901	-0.339271486627308	29.3451198769481	30.5342387229889	15
"28"	109	16.8870646451613	15.9774609684835	1106.93333333333	1098.19655172414	-0.36848403215876	-0.263354942498358	47.2578924506987	49.3712065291375	15
"29"	113	15.1127818207885	14.1993555787913	1500.16666666667	1480.91724137931	-0.341254279082208	-0.259158704403317	31.1881705786956	32.5810429119301	15
"30"	117	15.1127818207885	14.1993555787913	1500.16666666667	1480.91724137931	-0.277430059851896	-0.191086707259652	49.8134879549503	52.0391267456142	15
"31"	2	12.009857562724	12.4372194052651	403.766666666667	385.896551724138	-0.182526549290323	-0.278164209824776	31.9791758088737	30.1307213950249	15
"32"	6	12.009857562724	12.4372194052651	403.766666666667	385.896551724138	-0.108107562197143	-0.220055433528899	52.0566483994935	49.0133679457438	15
"33"	10	10.4112082580645	10.8673534935113	931.866666666667	899.31724137931	-0.0820794703366528	-0.150916657398097	35.6729914848773	34.4770114246601	15
"34"	14	10.4112082580645	10.8673534935113	931.866666666667	899.31724137931	-0.0412625362784508	-0.100266836063196	56.6774936870052	54.8108024735153	15
"35"	18	8.57059046594982	9.00991777233964	1258.23333333333	1223.37931034483	-0.0261880358794616	-0.0571514599156157	38.4155544465934	38.3578122754684	15
"36"	22	8.57059046594982	9.00991777233964	1258.23333333333	1223.37931034483	-0.0207859070950207	-0.0396919508627308	59.7751802352691	59.4363164139946	15
"37"	26	14.1876298924731	14.5147869944383	433.833333333333	437.775862068966	-0.349629690539069	-0.29329151856048	27.8705039985632	30.0913204770186	15
"38"	30	14.1876298924731	14.5147869944383	433.833333333333	437.775862068966	-0.258003829265853	-0.220972103024906	46.445146350348	49.4174551229946	15
"39"	34	12.6916158853047	12.9983451568409	990.733333333333	1005.34482758621	-0.19230763466535	-0.2239364195314	33.9580003846994	33.4048997984142	15
"40"	38	12.6916158853047	12.9983451568409	990.733333333333	1005.34482758621	-0.154532483926925	-0.173429045294769	53.6740542590806	53.2363011898808	15
"41"	42	10.9006796702509	11.1733915862069	1331.4	1368.35172413793	-0.0392237413382984	-0.105738535360541	37.8976708769309	37.0108139347058	15
"42"	46	10.9006796702509	11.1733915862069	1331.4	1368.35172413793	-0.0273533576508979	-0.0797480438616228	58.9945955790478	57.7990301081189	15
"43"	50	15.5769104516129	15.1020974134223	387.366666666667	421.586206896552	-0.50632993173318	-0.333950326567633	25.0796930944264	28.914407876274	15
"44"	54	15.5769104516129	15.1020974134223	387.366666666667	421.586206896552	-0.451531590562442	-0.267473901684555	41.1734627006252	47.3919074175624	15
"45"	58	14.1550880573477	13.5769221683352	971.233333333333	993.5	-0.227622161057474	-0.228074359879271	31.100837846324	32.5917940268822	15
"46"	62	14.1550880573477	13.5769221683352	971.233333333333	993.5	-0.16848125520644	-0.167767174651168	49.9298107455117	52.2540289278626	15
"47"	66	12.3657256917563	11.7530405784205	1336.73333333333	1376.45172413793	-0.0424078935178032	-0.0757430057742983	37.3879038690319	37.3090042127646	15
"48"	70	12.3657256917563	11.7530405784205	1336.73333333333	1376.45172413793	-0.0255994768969025	-0.0508820149862076	58.604164956866	58.2158896371033	15
"49"	74	16.581460344086	15.6260946562848	414.433333333333	464.527586206897	-0.302342303809014	-0.267464941298831	29.7483674736972	30.4173459560367	15
"50"	78	16.581460344086	15.6260946562848	414.433333333333	464.527586206897	-0.204244230634901	-0.193376716940083	49.1658251980393	49.6842651444917	15
"51"	82	15.0755410752688	14.1079319006303	929.7	1037.4724137931	-0.342489647035104	-0.265264276497714	31.3208668647094	32.3940925718048	15
"52"	86	15.0755410752688	14.1079319006303	929.7	1037.4724137931	-0.267940469270587	-0.198358156917973	50.4746158638197	51.765237428106	15
"53"	90	13.3390589677419	12.2916816522062	1291.2	1427.7275862069	-0.273034873203656	-0.172581342870937	32.8283964540495	35.0271065737628	15
"54"	94	13.3390589677419	12.2916816522062	1291.2	1427.7275862069	-0.200552581958689	-0.122835447325881	52.2980183758543	55.2704122813603	15
"55"	98	17.4533439569892	17.1244135943641	469.966666666667	445.431034482759	-0.423690972438019	-0.387828050812462	28.4283156933014	28.1799418957817	15
"56"	102	17.4533439569892	17.1244135943641	469.966666666667	445.431034482759	-0.370306901858299	-0.311518065934252	45.9310194153259	46.2215753760461	15
"57"	106	16.0059664229391	15.7370602892102	1161.76666666667	1051.94827586207	-0.421414641391546	-0.326605452832006	29.5627748775365	30.7566628502685	15
"58"	110	16.0059664229391	15.7370602892102	1161.76666666667	1051.94827586207	-0.35465111366881	-0.251902159323882	47.4501313090923	49.6509397577899	15
"59"	114	14.2144950537634	13.9569720637746	1582.4	1416.68965517241	-0.344120889595812	-0.245907788253233	31.2358092867031	32.9957127624609	15
"60"	118	14.2144950537634	13.9569720637746	1582.4	1416.68965517241	-0.276341007260364	-0.180318478757489	49.9692103210075	52.6517472171969	15
"61"	3	11.6487146379928	11.6802345064887	405.6	400.275862068966	-0.212079411442226	-0.248724378631348	31.0271833433681	30.5803277501739	15
"62"	7	11.6487146379928	11.6802345064887	405.6	400.275862068966	-0.163509942376336	-0.194017206169987	50.0103669654029	49.6446497097125	15
"63"	11	10.1008992688172	10.1387666325547	929.966666666667	911.203448275862	-0.134401398334292	-0.128301670367967	34.7259807681411	35.1477361424981	15
"64"	15	10.1008992688172	10.1387666325547	929.966666666667	911.203448275862	-0.0885928197415716	-0.0809998671647856	54.7371344915839	55.6166842335631	15
"65"	19	8.29611446594982	8.28840573674453	1336.36666666667	1259.07586206897	-0.0186641708341412	-0.0352671556555306	39.6169554112894	38.8877434266412	15
"66"	23	8.29611446594982	8.28840573674453	1336.36666666667	1259.07586206897	-0.0175875399873206	-0.0256579252104964	60.8729315144695	60.0588189529118	15
"67"	27	14.3177585949821	14.3012306533185	397.466666666667	442.865517241379	-0.315333978836425	-0.255791329669841	29.5786667976173	30.818546488453	15
"68"	31	14.3177585949821	14.3012306533185	397.466666666667	442.865517241379	-0.240453629810462	-0.180687162318759	48.7202104020216	50.5139089377603	15
"69"	35	12.7409966594982	12.7341398546533	887.066666666667	1023.39310344828	-0.200392965452347	-0.202724163823629	33.6086340907827	33.8614418163311	15
"70"	39	12.7409966594982	12.7341398546533	887.066666666667	1023.39310344828	-0.142764259554473	-0.139311486754601	53.508512545657	53.9749387346409	15
"71"	43	10.8946574623656	10.885662601409	1233.36666666667	1400.49655172414	-0.0357219574681985	-0.0831903385592854	37.8630446992891	37.3456901727349	15
"72"	47	10.8946574623656	10.885662601409	1233.36666666667	1400.49655172414	-0.0238311691345179	-0.0547747851655654	59.2226704879647	58.3826641866991	15
"73"	51	15.0871463942652	15.0103784130515	369.6	405.331034482759	-0.378237274351691	-0.345649095027515	26.6085982850793	28.5599122952815	15
"74"	55	15.0871463942652	15.0103784130515	369.6	405.331034482759	-0.293067115363492	-0.272747280832165	44.6383211408965	47.2690279543378	15
"75"	59	13.7712777204301	13.5246596173526	851.333333333333	948.113793103448	-0.258184669903922	-0.272729401467156	32.1965905476755	32.1567538542749	15
"76"	63	13.7712777204301	13.5246596173526	851.333333333333	948.113793103448	-0.199224042383866	-0.21438394041166	50.7675200303239	51.416910611559	15
"77"	67	12.0386987096774	11.7190857500927	1127.4	1297.75862068966	-0.102193669376076	-0.109864371640545	36.209213807419	36.5457340700315	15
"78"	71	12.0386987096774	11.7190857500927	1127.4	1297.75862068966	-0.0599186697199118	-0.0762002802209258	57.0149144113048	57.3011323024379	15
"79"	75	16.3720441290323	15.5752575839822	441.066666666667	440.972413793103	-0.303847767481008	-0.348284645995524	29.2369726726958	28.6250472403849	15
"80"	79	16.3720441290323	15.5752575839822	441.066666666667	440.972413793103	-0.252380504897586	-0.273724742885176	47.2920287715825	47.0916926343719	15
"81"	83	14.9476974767025	14.1005000444939	973.1	999.686206896552	-0.26985189986968	-0.272593348578077	32.3199773300674	32.1286601816061	15
"82"	87	14.9476974767025	14.1005000444939	973.1	999.686206896552	-0.204110318298761	-0.211716413609537	51.0538558978015	51.1228722855604	15
"83"	91	13.2131018494624	12.3051747215425	1314.9	1376.45862068966	-0.176644207107629	-0.148313095383179	34.6762865498508	35.2330125361084	15
"84"	95	13.2131018494624	12.3051747215425	1314.9	1376.45862068966	-0.129038848777711	-0.0973953840947273	54.7112989794754	55.6332731622285	15
"85"	99	17.2184624229391	17.3762624130515	517.3	458.727586206897	-0.275183478762657	-0.351363285280251	30.5636547130679	28.3248937349354	15
"86"	103	17.2184624229391	17.3762624130515	517.3	458.727586206897	-0.199526422318323	-0.267812815579205	50.1432994872267	46.9051420906051	15
"87"	107	15.7949756272401	15.9551583018168	1268.3	1093.52068965517	-0.284808723739285	-0.313280525377895	31.3837310649255	30.9184918685618	15
"88"	111	15.7949756272401	15.9551583018168	1268.3	1093.52068965517	-0.21123661490204	-0.235964218731176	50.4977316381065	49.8948868358757	15
"89"	115	13.9601818494624	14.1479467675195	1723.36666666667	1459.11724137931	-0.176913095490587	-0.235554812517942	34.815899041365	33.1894735969871	15
"90"	119	13.9601818494624	14.1479467675195	1723.36666666667	1459.11724137931	-0.122707666811909	-0.169945440279789	55.2837882443858	52.8717048192632	15
"91"	4	11.9316146953405	11.9377983240638	370.1	376.889655172414	-0.317551478195543	-0.269273767253576	28.5229766974272	30.1355826935439	15
"92"	8	11.9316146953405	11.9377983240638	370.1	376.889655172414	-0.25414345574675	-0.206298020223127	46.8199574241185	49.2095616055305	15
"93"	12	10.3689353261649	10.386122189099	812.733333333333	857.920689655172	-0.194501629672468	-0.162928647959004	33.1559611180773	34.3474915814245	15
"94"	16	10.3689353261649	10.386122189099	812.733333333333	857.920689655172	-0.139598057688866	-0.112024400479011	52.4408617715546	54.5653800650006	15
"95"	20	8.56395392114695	8.5429910315165	1152.5	1183.1	-0.0709691951681564	-0.0606202669719033	37.9168484161457	38.1703666411129	15
"96"	24	8.56395392114695	8.5429910315165	1152.5	1183.1	-0.0373213979426024	-0.0367221096809035	58.9170712591706	59.2453356474151	15
"97"	28	15.3617174623656	14.6612609936967	468.266666666667	438.320689655172	-0.279518564957591	-0.287362248578905	31.1582880483404	30.1917909039717	15
"98"	32	15.3617174623656	14.6612609936967	468.266666666667	438.320689655172	-0.201672804618547	-0.213325104218936	50.7811000947464	49.6073643170136	15
"99"	36	13.8184081290323	13.1195114467927	1074.33333333333	1004.7724137931	-0.247956984016557	-0.226708197870372	33.5261806630972	33.4761117573583	15
"100"	40	13.8184081290323	13.1195114467927	1074.33333333333	1004.7724137931	-0.190706671421472	-0.171675604937814	53.0615253124959	53.3734870548209	15
"101"	44	11.9870011039427	11.3023454282536	1563	1388.97586206897	-0.0956372668102612	-0.113454479964309	36.6808045309768	36.7544682812148	15
"102"	48	11.9870011039427	11.3023454282536	1563	1388.97586206897	-0.0640102706693533	-0.0752822071857454	57.6531662276725	57.5565741568694	15
"103"	52	14.8693585806452	14.8591278694846	411.3	439.337931034483	-0.258082620461342	-0.275105959354882	30.2561825782873	29.9396601151258	15
"104"	56	14.8693585806452	14.8591278694846	411.3	439.337931034483	-0.175974787898216	-0.202771052254684	49.9739357756615	49.2008926495358	15
"105"	60	13.3999282867384	13.3520384056359	950.933333333333	1015.12068965517	-0.199214395424617	-0.21517982127965	34.4703398437137	33.0700381352011	15
"106"	64	13.3999282867384	13.3520384056359	950.933333333333	1015.12068965517	-0.148826754705567	-0.152241038631345	54.4949140547664	52.8349948060174	15
"107"	68	11.6078652473118	11.5339800222469	1292.46666666667	1394.51379310345	-0.0767143389060294	-0.0595467634332636	37.7786759806325	37.8320031855497	15
"108"	72	11.6078652473118	11.5339800222469	1292.46666666667	1394.51379310345	-0.0514932046964963	-0.0383341184960269	58.8273509940852	58.9197721352094	15
"109"	76	15.890205734767	15.3971168201706	384.2	425.865517241379	-0.404099384224104	-0.371646778431084	26.9897115679168	28.5499132789545	15
"110"	80	15.890205734767	15.3971168201706	384.2	425.865517241379	-0.338311036048919	-0.292463582534868	43.820586297168	46.8672670388737	15
"111"	84	14.4422938637993	13.9124192539859	908.7	1022.41034482759	-0.253419315035909	-0.288776818458034	32.3404837370574	31.9569427352626	15
"112"	88	14.4422938637993	13.9124192539859	908.7	1022.41034482759	-0.202290908021983	-0.220937712046903	50.6070545225822	50.8977797832983	15
"113"	92	12.6622486021505	12.0953835965888	1234.06666666667	1418.05172413793	-0.103550248222993	-0.133828849163825	36.508103464467	36.1298153144656	15
"114"	96	12.6622486021505	12.0953835965888	1234.06666666667	1418.05172413793	-0.0663228566506737	-0.090941647284338	57.4659202212193	56.7363144318026	15
"115"	100	17.8014335913978	17.6285414149054	460.733333333333	467.227586206897	-0.37589206896257	-0.350780546014058	27.708839832072	28.4883539310467	15
"116"	104	17.8014335913978	17.6285414149054	460.733333333333	467.227586206897	-0.300668845997506	-0.27315156049103	46.4659733945259	47.0615588393861	15
"117"	108	16.406797046595	16.1662813807935	1084.7	1109.32413793103	-0.367908580758676	-0.317123629293514	29.3576307370416	30.8227230739175	15
"118"	112	16.406797046595	16.1662813807935	1084.7	1109.32413793103	-0.282319655273611	-0.240162896648996	47.8134167133728	49.8395548699456	15
"119"	116	14.6262460501792	14.3619033147942	1475.8	1497.63793103448	-0.245506738201572	-0.217378231007509	33.3876397889	33.3488919019089	15
"120"	120	14.6262460501792	14.3619033147942	1475.8	1497.63793103448	-0.19668188409704	-0.161022638423474	52.8798531684143	53.1532282143365	15
