"rid"	"temp.short"	"temp.long"	"prec.short"	"prec.long"	"potential.short"	"potential.long"	"content.short"	"content.long"	"replicate"
"1"	1	11.7161438136201	12.1166275328142	390.5	388.748275862069	-0.294024658172779	-0.265691625118468	29.7038077144551	30.7530015966592	9
"2"	5	11.7161438136201	12.1166275328142	390.5	388.748275862069	-0.220368603923204	-0.203619187393573	48.7734377170058	49.8269081836267	9
"3"	9	10.1051428100358	10.5537711071561	908.9	876.148275862069	-0.155762358919317	-0.188438624751033	34.7759481986764	34.3097236958434	9
"4"	13	10.1051428100358	10.5537711071561	908.9	876.148275862069	-0.103896833277117	-0.136487137883498	55.1625659419054	54.2303833861395	9
"5"	17	8.22664025806452	8.70767142899518	1234.06666666667	1202.1724137931	-0.0199669717301018	-0.0840864251897443	39.590795736616	37.8089889221378	9
"6"	21	8.22664025806452	8.70767142899518	1234.06666666667	1202.1724137931	-0.0177894151790172	-0.0585178622408787	60.9500449558869	58.6299656799488	9
"7"	25	14.3994887455197	14.3872376625881	461.8	426.741379310345	-0.191817542344306	-0.304510105114053	30.0077189415226	29.8714061740806	9
"8"	29	14.3994887455197	14.3872376625881	461.8	426.741379310345	-0.12128591359724	-0.239542836881484	49.825240269943	48.72949696303	9
"9"	33	12.7274081577061	12.8330497382277	1111.86666666667	1011.57931034483	-0.0841996366533847	-0.218488534894752	34.9102442302016	33.6520594945764	9
"10"	37	12.7274081577061	12.8330497382277	1111.86666666667	1011.57931034483	-0.0545416346287748	-0.172090163947733	55.5135267326109	53.4025926113649	9
"11"	41	10.8246538207885	11.0071811909529	1533.6	1390.57586206897	-0.0195957333286391	-0.0781428716539411	39.3756435575745	37.7064279814061	9
"12"	45	10.8246538207885	11.0071811909529	1533.6	1390.57586206897	-0.0177978607581901	-0.0562965071289319	60.7352693462501	58.6851216380951	9
"13"	49	14.4507086451613	14.7235604479051	445.866666666667	431.303448275862	-0.318397270944306	-0.276544308986017	30.2160985690076	30.363817322011	9
"14"	53	14.4507086451613	14.7235604479051	445.866666666667	431.303448275862	-0.247602330806299	-0.219172847314286	49.3135124555706	49.4232654075641	9
"15"	57	12.7565788960573	13.1531772754913	1041.06666666667	985.206896551724	-0.274968643177368	-0.21289209583702	32.1234561578681	33.341539778384	9
"16"	61	12.7565788960573	13.1531772754913	1041.06666666667	985.206896551724	-0.212769035881589	-0.161805928358775	51.3509847361852	52.9770134184933	9
"17"	65	10.8617921290323	11.3020371598072	1419.36666666667	1358.15517241379	-0.0538948911126453	-0.0876038928306021	38.5638931735314	37.5027674353653	9
"18"	69	10.8617921290323	11.3020371598072	1419.36666666667	1358.15517241379	-0.0311549212971328	-0.0614584385037462	59.7053618591116	58.2987007231051	9
"19"	73	14.9796883297491	15.3081563529848	437.533333333333	454.955172413793	-0.26673562393577	-0.332657840702496	30.7161520253104	29.8640418976914	9
"20"	77	14.9796883297491	15.3081563529848	437.533333333333	454.955172413793	-0.195846832531376	-0.266498367871289	50.6111748872954	48.6023129681752	9
"21"	81	13.4753231827957	13.8063852680756	947.766666666667	1061.34482758621	-0.23949379562914	-0.268746385540415	32.8401314327288	32.5573545376716	9
"22"	85	13.4753231827957	13.8063852680756	947.766666666667	1061.34482758621	-0.18631952425217	-0.214958016752021	52.7539143674725	51.7656783929861	9
"23"	89	11.6923663942652	11.9811173437152	1277.06666666667	1463.29655172414	-0.130231049961684	-0.123565851578914	36.186647143721	36.5898736913968	9
"24"	93	11.6923663942652	11.9811173437152	1277.06666666667	1463.29655172414	-0.0777334061194344	-0.0896284607929139	56.9292155845615	57.1000820539001	9
"25"	97	15.6902926594982	17.3945172680756	451.6	428.562068965517	-0.336895129249853	-0.414513215933963	30.7127438484104	27.4278453787388	9
"26"	101	15.6902926594982	17.3945172680756	451.6	428.562068965517	-0.297665879795115	-0.333636195462608	49.6110785637741	45.1778562408769	9
"27"	105	14.2393782078853	15.9453740645161	1042.46666666667	1035.91724137931	-0.313740612452647	-0.348068492885845	32.3103035098467	30.5260848715496	9
"28"	109	14.2393782078853	15.9453740645161	1042.46666666667	1035.91724137931	-0.271144294962392	-0.279989809978577	51.3685390175346	49.1380133333945	9
"29"	113	12.4372285304659	14.1415204197256	1381.83333333333	1400.56206896552	-0.259093631113556	-0.24206279917566	33.362051901343	32.906470820216	9
"30"	117	12.4372285304659	14.1415204197256	1381.83333333333	1400.56206896552	-0.224074226455931	-0.187769872558551	52.5504875403787	52.4931969968934	9
"31"	2	11.4403838136201	12.3069116751947	410.1	375.075862068966	-0.135222619646911	-0.286317452301648	33.6960828684638	30.2183439042468	9
"32"	6	11.4403838136201	12.3069116751947	410.1	375.075862068966	-0.0830965998176939	-0.231861902414455	54.0265237348132	49.0011956607145	9
"33"	10	9.87831718996416	10.7539497144976	919.066666666667	852.041379310345	-0.0904843448911297	-0.188265391293367	36.8655868568355	34.1051383828711	9
"34"	14	9.87831718996416	10.7539497144976	919.066666666667	852.041379310345	-0.0470528618840747	-0.137875419801961	57.8426359168286	53.9954028935978	9
"35"	18	8.02836230824373	8.90497689729329	1290.76666666667	1171.89310344828	-0.0304306761938148	-0.0800257383021655	39.5209256230231	37.7627107483387	9
"36"	22	8.02836230824373	8.90497689729329	1290.76666666667	1171.89310344828	-0.0198688385848683	-0.0526660415448296	60.8737056067119	58.6090240344237	9
"37"	26	13.4046220071685	14.5482710760104	392.7	421.865517241379	-0.17470380904243	-0.30689978459181	31.2975923844152	29.7960258455302	9
"38"	30	13.4046220071685	14.5482710760104	392.7	421.865517241379	-0.106294834745084	-0.240229264765454	50.652382232091	48.7708438739264	9
"39"	34	11.8708737491039	12.9873277508343	874.266666666667	995.158620689655	-0.0926399551607602	-0.228563894196008	35.2871949321388	33.5567679694579	9
"40"	38	11.8708737491039	12.9873277508343	874.266666666667	995.158620689655	-0.0417427847832048	-0.183140595462705	56.4517654819576	53.3541941957522	9
"41"	42	10.0419225232975	11.1555069098999	1180.96666666667	1370.05862068966	-0.0267866021843591	-0.103496460966287	38.5553449140745	37.1164411857533	9
"42"	46	10.0419225232975	11.1555069098999	1180.96666666667	1370.05862068966	-0.0206077239344407	-0.0746282528523009	59.9149707027501	57.9944852379137	9
"43"	50	14.2992823655914	14.9776238487208	432.9	425.441379310345	-0.189542084814369	-0.307480188498721	32.2316365662026	29.8304562816068	9
"44"	54	14.2992823655914	14.9776238487208	432.9	425.441379310345	-0.144215242037453	-0.247136081337317	51.9869701708035	48.6389266698539	9
"45"	58	12.732116344086	13.4253678576196	992.433333333333	986.5	-0.0931810551373662	-0.25441944671525	35.8670373894812	32.6718049411563	9
"46"	62	12.732116344086	13.4253678576196	992.433333333333	986.5	-0.0519824359157453	-0.200426257201297	56.5272036267073	52.0641983445393	9
"47"	66	10.8716941648746	11.5901583448276	1389.56666666667	1366.63448275862	-0.0413844176945537	-0.112931877295796	38.3730959205467	36.8351048648432	9
"48"	70	10.8716941648746	11.5901583448276	1389.56666666667	1366.63448275862	-0.0252051926402116	-0.0837255101427985	59.4786300731197	57.4556975691428	9
"49"	74	15.4008151684588	15.4229428001483	421.033333333333	460.634482758621	-0.44800763415012	-0.34611302400254	28.2835886058009	29.6017701054064	9
"50"	78	15.4008151684588	15.4229428001483	421.033333333333	460.634482758621	-0.376383112655794	-0.278732244678472	46.2150241583558	48.0846396532853	9
"51"	82	13.9440038136201	13.9410382157953	1015.76666666667	1083.92068965517	-0.27970544468726	-0.270871250597399	32.5739709777098	32.4448979873951	9
"52"	86	13.9440038136201	13.9410382157953	1015.76666666667	1083.92068965517	-0.240501308475507	-0.217759611356628	51.5787200879073	51.4660062628978	9
"53"	90	12.1660182795699	12.1087630389321	1415.06666666667	1502.32413793103	-0.0930640997189422	-0.123256871312888	37.6328083373676	36.4460627865151	9
"54"	94	12.1660182795699	12.1087630389321	1415.06666666667	1502.32413793103	-0.0651181825221109	-0.0915622132872215	58.529860477342	56.9010133493168	9
"55"	98	16.9392415340502	17.5565807593623	409.833333333333	436.541379310345	-0.431824980573775	-0.416924393813896	26.9227613802906	27.4779195106207	9
"56"	102	16.9392415340502	17.5565807593623	409.833333333333	436.541379310345	-0.338222935772575	-0.330721524191027	44.3945280435229	45.2738116657287	9
"57"	106	15.5170500071685	16.1330352925473	984.866666666667	1054.43448275862	-0.356800506572268	-0.342834517997308	30.1323830743911	30.5482668912005	9
"58"	110	15.5170500071685	16.1330352925473	984.866666666667	1054.43448275862	-0.281085488429781	-0.269446615690275	48.8051920501265	49.2313307165265	9
"59"	114	13.7700317562724	14.3443231190211	1322.5	1422.32413793103	-0.223999272280929	-0.249766905826979	32.93594150569	32.754386903353	9
"60"	118	13.7700317562724	14.3443231190211	1322.5	1422.32413793103	-0.16765009312838	-0.190936435009237	52.8188675944988	52.2896355932031	9
"61"	3	11.076726781362	12.032680378198	387.7	380.455172413793	-0.265305318422105	-0.263406249705333	30.2403439324932	30.4046924768453	9
"62"	7	11.076726781362	12.032680378198	387.7	380.455172413793	-0.19745842843175	-0.203824649684686	49.1043833885863	49.5533685187361	9
"63"	11	9.62759286021505	10.5131801883574	837.333333333333	865.479310344828	-0.158116240065229	-0.171158839429511	35.2511525332635	34.4352669399184	9
"64"	15	9.62759286021505	10.5131801883574	837.333333333333	865.479310344828	-0.113326435822151	-0.124656357288877	55.5502548644619	54.6296068975186	9
"65"	19	7.76383759139785	8.66570436484983	1162.66666666667	1196.78965517241	-0.10801858749762	-0.0739504082259761	37.1448213003252	38.0203487580641	9
"66"	23	7.76383759139785	8.66570436484983	1162.66666666667	1196.78965517241	-0.0788436410423883	-0.0503380791485159	57.7875361780312	58.9551295880461	9
"67"	27	15.0982504802867	14.6497042506489	451.8	416.468965517241	-0.347640440658841	-0.311585972320036	29.7728102335786	29.4732882660364	9
"68"	31	15.0982504802867	14.6497042506489	451.8	416.468965517241	-0.277167348724748	-0.243290006457734	48.6509287486121	48.4397193242295	9
"69"	35	13.5841363154122	13.1246428505747	1158.06666666667	1002.77586206897	-0.304693049590358	-0.236365225689566	32.4874516355321	33.1408129222506	9
"70"	39	13.5841363154122	13.1246428505747	1158.06666666667	1002.77586206897	-0.243642290692514	-0.187144986194155	51.4380118676175	52.7332004035021	9
"71"	43	11.7976451899642	11.3148885072303	1648.86666666667	1396.0275862069	-0.0721800992348773	-0.0896340832374498	36.9580565776587	37.2210148838737	9
"72"	47	11.7976451899642	11.3148885072303	1648.86666666667	1396.0275862069	-0.0332354313812922	-0.0651793048218225	58.2279778753652	58.0398774050198	9
"73"	51	14.4947113405018	14.8869649818317	432.566666666667	420.634482758621	-0.309953172115724	-0.325276897318238	30.5349907531841	29.2829589215919	9
"74"	55	14.4947113405018	14.8869649818317	432.566666666667	420.634482758621	-0.248331961439788	-0.260041045179563	49.714694497968	47.7824513549513	9
"75"	59	12.8916962293907	13.3630331360771	976.733333333333	968.420689655172	-0.280664081213993	-0.263540774408075	32.6479209629155	32.2799259329953	9
"76"	63	12.8916962293907	13.3630331360771	976.733333333333	968.420689655172	-0.242757015042514	-0.210418919332785	51.8444474511222	51.3040629979752	9
"77"	67	11.0352254050179	11.5410017693734	1324.16666666667	1325.24482758621	-0.142059868696977	-0.0877518918821717	36.7097821019499	36.9574714647629	9
"78"	71	11.0352254050179	11.5410017693734	1324.16666666667	1325.24482758621	-0.122545566829254	-0.0603511810784928	57.040241594509	57.6488046756077	9
"79"	75	15.5680881146953	15.247911736003	398.466666666667	459.293103448276	-0.380543766418238	-0.304193098218442	28.1611690671451	30.304914101131	9
"80"	79	15.5680881146953	15.247911736003	398.466666666667	459.293103448276	-0.302830086467441	-0.243511754417799	46.7477267489337	49.167188583725	9
"81"	83	14.033667655914	13.7482669069336	953.166666666667	1066.67586206897	-0.249372649320427	-0.250301783148207	32.5191244109609	32.7748629114148	9
"82"	87	14.033667655914	13.7482669069336	953.166666666667	1066.67586206897	-0.203096226639084	-0.196781625200837	51.48461019174	52.0552732448164	9
"83"	91	12.2056326021505	11.9201814356693	1320.3	1466.84482758621	-0.106142410050731	-0.113262094954634	36.5642589647402	36.7868910979927	9
"84"	95	12.2056326021505	11.9201814356693	1320.3	1466.84482758621	-0.0669333166578613	-0.0829800756655932	57.4600912001837	57.4683987244286	9
"85"	99	17.69880609319	17.0920691167964	448.433333333333	477.979310344828	-0.288431951035487	-0.344017239406323	28.1481953666475	28.8692087467595	9
"86"	103	17.69880609319	17.0920691167964	448.433333333333	477.979310344828	-0.189591592438877	-0.266413839396823	47.4807854998379	47.4212363007402	9
"87"	107	16.1821831684588	15.618913214683	1028.86666666667	1116.39655172414	-0.234793935944584	-0.28015943800604	31.6572522408489	31.7525309595841	9
"88"	111	16.1821831684588	15.618913214683	1028.86666666667	1116.39655172414	-0.149516273851551	-0.214743619054487	51.4388166794005	51.0477009836922	9
"89"	115	14.3390432258065	13.8093864664442	1389.9	1500.82413793103	-0.155740336554271	-0.199927843753369	33.6638984781231	33.6675640866938	9
"90"	119	14.3390432258065	13.8093864664442	1389.9	1500.82413793103	-0.0943142653478805	-0.144239294843175	53.9648274979806	53.6709327917276	9
"91"	4	11.5959766594982	11.9730142261772	385.133333333333	385.520689655172	-0.118413703144765	-0.211462816356879	33.1615196318804	31.3767217805073	9
"92"	8	11.5959766594982	11.9730142261772	385.133333333333	385.520689655172	-0.0847978547240981	-0.165566890103262	53.5640712650431	50.7029360443861	9
"93"	12	10.0810483010753	10.372426143122	867.8	878.975862068966	-0.0579631509791407	-0.13708502916353	36.6528287377133	35.2867203878938	9
"94"	16	10.0810483010753	10.372426143122	867.8	878.975862068966	-0.0348058400893002	-0.103414335831093	57.7066805145443	55.5401866144499	9
"95"	20	8.1547882437276	8.49828744382647	1213.63333333333	1223.57931034483	-0.0202831798427735	-0.0504858771863925	39.7680266491122	38.9196086296703	9
"96"	24	8.1547882437276	8.49828744382647	1213.63333333333	1223.57931034483	-0.0178527651710875	-0.0359026475589259	61.1041152384731	59.9810036150254	9
"97"	28	15.9484582939068	14.3555578895069	335.933333333333	430.610344827586	-0.51360432610927	-0.250679837241648	24.9267630020582	30.8588423120351	9
"98"	32	15.9484582939068	14.3555578895069	335.933333333333	430.610344827586	-0.436817736983448	-0.189997713893731	42.5049381601081	50.4054489238038	9
"99"	36	14.609140516129	12.8080123559511	804.033333333333	967.751724137931	-0.431525714608103	-0.206732084893303	29.4680019545547	33.761772349048	9
"100"	40	14.609140516129	12.8080123559511	804.033333333333	967.751724137931	-0.363224545649103	-0.153402288129373	47.6479214261763	53.8286070572166	9
"101"	44	12.8853762580645	10.9773838071932	1119.26666666667	1332.43793103448	-0.355529395235588	-0.112533128581884	31.3332411531418	36.8545036335429	9
"102"	48	12.8853762580645	10.9773838071932	1119.26666666667	1332.43793103448	-0.278777162698382	-0.0838859054459776	50.3967133990716	57.6181099510054	9
"103"	52	15.1396421218638	14.7943698212829	413.2	420.906896551724	-0.377324033914128	-0.315474247451427	28.3372382642721	29.3080072590159	9
"104"	56	15.1396421218638	14.7943698212829	413.2	420.906896551724	-0.322285559316019	-0.244969067035351	46.2557470615893	48.2195367106667	9
"105"	60	13.7242281146953	13.3012762758621	1035.73333333333	1002.06551724138	-0.290808049660836	-0.268983615714953	32.296048158113	32.6582832690359	9
"106"	64	13.7242281146953	13.3012762758621	1035.73333333333	1002.06551724138	-0.241470224342941	-0.211340370052921	50.7946565969909	51.9010506577178	9
"107"	68	12.0299064516129	11.5136807044865	1420.06666666667	1375.94827586207	-0.0500183525717327	-0.0869320905158491	37.4426540554067	37.2460901814654	9
"108"	72	12.0299064516129	11.5136807044865	1420.06666666667	1375.94827586207	-0.0272964322836902	-0.0627571436058086	58.6486668863762	57.8888834479336	9
"109"	76	15.6800472258065	15.3472209314053	569.966666666667	450.413793103448	-0.200948061678994	-0.323440464630652	30.9192592863315	29.0553635125287	9
"110"	80	15.6800472258065	15.3472209314053	569.966666666667	450.413793103448	-0.158047165826639	-0.267879061092817	49.0656106276717	47.1290548787234	9
"111"	84	14.2141128888889	13.8975254519837	1299.16666666667	1056.28620689655	-0.228278502647809	-0.263144598842329	32.6912654561138	32.334580360337	9
"112"	88	14.2141128888889	13.8975254519837	1299.16666666667	1056.28620689655	-0.168265389289252	-0.2064870262384	51.3260507878124	51.0492783365245	9
"113"	92	12.401283125448	12.0977753103448	1841.16666666667	1476.9275862069	-0.13469839420491	-0.128108716297854	36.7927529019907	35.931876888326	9
"114"	96	12.401283125448	12.0977753103448	1841.16666666667	1476.9275862069	-0.112748450994999	-0.0888810993894429	57.0713053113083	56.375606606501	9
"115"	100	17.5488645734767	17.4105573926585	539.633333333333	492.11724137931	-0.352638745581943	-0.327229371405042	28.8213695140109	29.3994563996164	9
"116"	104	17.5488645734767	17.4105573926585	539.633333333333	492.11724137931	-0.271028677302191	-0.246114673695806	47.4928541673956	48.5314870866549	9
"117"	108	16.1813554121864	16.0073291049314	1220.66666666667	1163.64137931034	-0.310496700025204	-0.325339045558976	30.56136902099	31.0816027696644	9
"118"	112	16.1813554121864	16.0073291049314	1220.66666666667	1163.64137931034	-0.22672558238642	-0.259717377970932	49.7403193028887	50.0124614970713	9
"119"	116	14.4040546666667	14.2144665272525	1641.96666666667	1566.83793103448	-0.251307292698472	-0.234383371923368	31.7484613839244	33.2965188149426	9
"120"	120	14.4040546666667	14.2144665272525	1641.96666666667	1566.83793103448	-0.156969222981664	-0.182715648667597	51.5405208871363	52.9158891306044	9
