"rid"	"temp.short"	"temp.long"	"prec.short"	"prec.long"	"potential.short"	"potential.long"	"content.short"	"content.long"	"replicate"
"1"	1	11.9694925017921	11.6774249106415	363.3	385.403448275862	-0.361402007200797	-0.291659512732975	28.8194842667399	29.9303710444179	20
"2"	5	11.9694925017921	11.6774249106415	363.3	385.403448275862	-0.322667841558897	-0.234092413506066	47.0808862131953	48.5771438410466	20
"3"	9	10.4085647885305	10.1313117953281	900.7	893.251724137931	-0.152817055095339	-0.154693695297019	34.6681800794757	34.614064988881	20
"4"	13	10.4085647885305	10.1313117953281	900.7	893.251724137931	-0.100793816045198	-0.104839348401002	55.2043750809507	54.8180475961564	20
"5"	17	8.49250605017921	8.27940405487579	1254.36666666667	1232.68965517241	-0.0223765547326776	-0.0550435314861844	39.3939445894425	38.5517707261089	20
"6"	21	8.49250605017921	8.27940405487579	1254.36666666667	1232.68965517241	-0.0199142959014178	-0.0370993951495661	60.6390611704154	59.6327628412401	20
"7"	25	16.4606103655914	14.7397451598072	375.966666666667	408	-0.445008477251323	-0.343931640872368	26.0245634664529	29.3091055907569	20
"8"	29	16.4606103655914	14.7397451598072	375.966666666667	408	-0.335994420601624	-0.270315704463094	44.7966712134297	48.3168294623986	20
"9"	33	14.9365064516129	13.211724068224	926.666666666667	958.696551724138	-0.3457053425165	-0.273579974440681	30.6905744599107	32.6963513405193	20
"10"	37	14.9365064516129	13.211724068224	926.666666666667	958.696551724138	-0.288305181962273	-0.220608960382027	49.9486089049541	52.1660922131551	20
"11"	41	13.1149050609319	11.3933241097516	1287.83333333333	1329.26551724138	-0.285707600581762	-0.125282537028195	33.0488440954447	36.4157510785404	20
"12"	45	13.1149050609319	11.3933241097516	1287.83333333333	1329.26551724138	-0.231591993674048	-0.0964378917329296	52.7345477538773	57.0723197131248	20
"13"	49	14.4057704516129	14.6677136032629	506.366666666667	462.227586206897	-0.171527401146244	-0.260825988646513	33.1518516329759	30.876477461892	20
"14"	53	14.4057704516129	14.6677136032629	506.366666666667	462.227586206897	-0.111769639501866	-0.202122623476262	53.5775793099628	50.2851638787825	20
"15"	57	12.8088192831541	13.0719657337783	1132.1	1037.54827586207	-0.19978578077519	-0.217818998936395	34.6341837703562	33.5799279277588	20
"16"	61	12.8088192831541	13.0719657337783	1132.1	1037.54827586207	-0.134840319049715	-0.163804372579146	54.8995847739595	53.2944819933884	20
"17"	65	11.0232884731183	11.2194498984056	1558.73333333333	1421.86551724138	-0.0550435793567697	-0.0797653370971709	39.0228831503736	37.6169620496069	20
"18"	69	11.0232884731183	11.2194498984056	1558.73333333333	1421.86551724138	-0.0317272686430196	-0.057719525788973	60.2511903285964	58.4405175667314	20
"19"	73	15.4394976774194	15.1501410797182	449.933333333333	442.196551724138	-0.360001596223618	-0.300235480738725	29.7737108532565	30.4450981135202	20
"20"	77	15.4394976774194	15.1501410797182	449.933333333333	442.196551724138	-0.298251719778845	-0.234865062341889	47.9117555616353	49.4725503259739	20
"21"	81	13.9236611469534	13.6304905079718	1086.33333333333	1017.48965517241	-0.329632765185745	-0.261721514274937	31.6009134664297	32.6665918695445	20
"22"	85	13.9236611469534	13.6304905079718	1086.33333333333	1017.48965517241	-0.270416117030828	-0.203719626699239	50.0954107082865	51.8606020391255	20
"23"	89	12.0926122437276	11.8144719688543	1514.5	1392.75862068966	-0.227723442412495	-0.150477607202961	34.6083466817173	35.8602782801391	20
"24"	93	12.0926122437276	11.8144719688543	1514.5	1392.75862068966	-0.188314602536764	-0.108843949362483	54.3807434094206	56.2647556196113	20
"25"	97	16.3464830967742	17.3171088794957	499.033333333333	429.141379310345	-0.288791629051515	-0.392182271422951	30.4392984533735	27.5351349705119	20
"26"	101	16.3464830967742	17.3171088794957	499.033333333333	429.141379310345	-0.240894092854743	-0.315195182197897	49.1623949728184	45.4757996279872	20
"27"	105	14.9300720143369	15.8525255676678	1064.53333333333	1013.3724137931	-0.21571580629284	-0.327226593761513	32.8586403934411	30.6941207095772	20
"28"	109	14.9300720143369	15.8525255676678	1064.53333333333	1013.3724137931	-0.147875807659975	-0.254049914360473	52.495248989467	49.4203564083086	20
"29"	113	13.1198421075269	14.0374941950315	1445.43333333333	1377.66896551724	-0.144830344313585	-0.231637063650673	34.9477078209674	33.1956604444354	20
"30"	117	13.1198421075269	14.0374941950315	1445.43333333333	1377.66896551724	-0.0868147438233219	-0.176281619905134	55.6127563588878	52.9409470740047	20
"31"	2	11.4100046738351	11.8094327163515	379.366666666667	385.072413793103	-0.270710254593159	-0.251428486583721	30.4843849630674	30.6290216275741	20
"32"	6	11.4100046738351	11.8094327163515	379.366666666667	385.072413793103	-0.20065833596904	-0.193764754883203	49.1861053320471	49.5460237070787	20
"33"	10	9.86579346236559	10.2473904278828	853.2	880.931034482759	-0.128483864050515	-0.139176920826174	35.7048607919498	34.9304365335413	20
"34"	14	9.86579346236559	10.2473904278828	853.2	880.931034482759	-0.10243624150786	-0.0944593610972079	56.1835461182125	55.2473029293745	20
"35"	18	7.9829834265233	8.38503825139043	1176.26666666667	1213.45862068966	-0.0832925713365599	-0.0578785988301417	37.5442409292378	38.4781352475453	20
"36"	22	7.9829834265233	8.38503825139043	1176.26666666667	1213.45862068966	-0.0560578660076126	-0.0397369213501889	58.3250716272135	59.5481954346393	20
"37"	26	13.9260714265233	14.247173971079	442.366666666667	425.351724137931	-0.259770607337635	-0.282887885297941	31.1343355188855	30.6318203087192	20
"38"	30	13.9260714265233	14.247173971079	442.366666666667	425.351724137931	-0.198875353420883	-0.217716986823051	50.8760283922218	50.0161053216044	20
"39"	34	12.3710107240143	12.7308149707082	1086.86666666667	990.506896551724	-0.220802026253517	-0.230636135414308	34.1914384921197	33.6190610358282	20
"40"	38	12.3710107240143	12.7308149707082	1086.86666666667	990.506896551724	-0.172101714975902	-0.177923371552885	54.1557605547046	53.50267494192	20
"41"	42	10.5310203870968	10.9159335780497	1496.2	1366.74137931034	-0.0538421211847743	-0.0964180430211335	37.9615563891831	37.1441275809124	20
"42"	46	10.5310203870968	10.9159335780497	1496.2	1366.74137931034	-0.0271763560639292	-0.0700358337514847	59.2762018560376	57.9688739221085	20
"43"	50	14.9139344802867	14.6906785450501	447.433333333333	447.986206896552	-0.432121274187331	-0.305371658426642	29.0572400342972	30.0659491375209	20
"44"	54	14.9139344802867	14.6906785450501	447.433333333333	447.986206896552	-0.36847976674954	-0.243765556935105	47.0753053055855	49.072500700013	20
"45"	58	13.2603944802867	13.1222012043011	1047.4	1023.94482758621	-0.363085405883793	-0.247176049439031	30.560474654813	33.0660943809341	20
"46"	62	13.2603944802867	13.1222012043011	1047.4	1023.94482758621	-0.31101921922343	-0.197539990447672	48.7988604197734	52.4999767012615	20
"47"	66	11.3833184516129	11.2768774490174	1427.8	1406.61379310345	-0.090857335727403	-0.0877770337373252	37.2766291292722	37.244584311004	20
"48"	70	11.3833184516129	11.2768774490174	1427.8	1406.61379310345	-0.0649756787402179	-0.0651460253699428	58.2166968116433	57.8404555634035	20
"49"	74	15.3175650752688	15.2839707526882	401.066666666667	444.572413793103	-0.291165448058489	-0.264686235731352	30.186934847275	30.5562375227128	20
"50"	78	15.3175650752688	15.2839707526882	401.066666666667	444.572413793103	-0.226618735632816	-0.199819547843441	49.507217351662	49.6995626223844	20
"51"	82	13.812929921147	13.7702841824249	949.133333333333	1013.48275862069	-0.210903822588863	-0.217725158946513	33.1284637226565	33.2975097330308	20
"52"	86	13.812929921147	13.7702841824249	949.133333333333	1013.48275862069	-0.164680726554833	-0.164127038832895	52.6132501464586	52.7499507779021	20
"53"	90	12.0137424229391	11.9605113667037	1326.36666666667	1393.61724137931	-0.0970633480382802	-0.124881491968101	36.5501910806742	36.1606921936769	20
"54"	94	12.0137424229391	11.9605113667037	1326.36666666667	1393.61724137931	-0.047599316714816	-0.0818242819355262	57.3266902251024	56.7247811385994	20
"55"	98	17.9098283727599	17.2602441705599	408.433333333333	437.937931034483	-0.366410893538027	-0.365294320119129	27.5610742849449	28.1711888178054	20
"56"	102	17.9098283727599	17.2602441705599	408.433333333333	437.937931034483	-0.271583135898425	-0.278313170264886	46.5664044004509	46.5836617051137	20
"57"	106	16.3731592688172	15.8088111590656	932.5	1031.84827586207	-0.320968999040124	-0.312763940433069	30.7741671272396	31.1520431005414	20
"58"	110	16.3731592688172	15.8088111590656	932.5	1031.84827586207	-0.233617263419231	-0.233321297079627	50.1505876390158	50.1661558423589	20
"59"	114	14.5610836129032	14.0090627927327	1262.03333333333	1389.62413793103	-0.260339385478047	-0.231458695021852	32.3313516558881	33.3979354971991	20
"60"	118	14.5610836129032	14.0090627927327	1262.03333333333	1389.62413793103	-0.207590951182378	-0.169267854599457	51.8213493854574	53.2424433191923	20
"61"	3	11.6461494767025	11.7047212829069	378.366666666667	383.61724137931	-0.357829853185736	-0.278171510935893	28.7039939626182	30.0539827215862	20
"62"	7	11.6461494767025	11.7047212829069	378.366666666667	383.61724137931	-0.3123148921965	-0.21526931997264	46.956962510234	49.0988942550494	20
"63"	11	10.0544541218638	10.1420437063404	890.266666666667	871.613793103448	-0.165969099158764	-0.182110476109355	34.6107083798519	34.3811273551527	20
"64"	15	10.0544541218638	10.1420437063404	890.266666666667	871.613793103448	-0.135079235673056	-0.137661181624431	54.8991523896142	54.3465063689094	20
"65"	19	8.14498592114695	8.26972522654802	1235.8	1188.8275862069	-0.0660706725677594	-0.0871542151734706	38.4900520823087	37.7655430941396	20
"66"	23	8.14498592114695	8.26972522654802	1235.8	1188.8275862069	-0.0429421030344971	-0.0629255376680329	59.5774390671022	58.5488724715692	20
"67"	27	14.5069066523298	14.8586948090471	477.633333333333	451.968965517241	-0.186557620622992	-0.302952765826726	31.0210859541982	29.6950039091312	20
"68"	31	14.5069066523298	14.8586948090471	477.633333333333	451.968965517241	-0.103137053781583	-0.229474434667028	51.188245458209	48.7039958102766	20
"69"	35	12.8666100358423	13.2995337545421	1167.3	1069.80344827586	-0.0979581476792404	-0.214479794657132	35.7207489057374	33.5734845253201	20
"70"	39	12.8666100358423	13.2995337545421	1167.3	1069.80344827586	-0.0637198268905934	-0.163699906707418	56.6782915542516	53.3682668239524	20
"71"	43	10.9952896057348	11.4695701905821	1622.76666666667	1480.3275862069	-0.0296045983979706	-0.086460892752767	39.2408760994829	37.5296314255485	20
"72"	47	10.9952896057348	11.4695701905821	1622.76666666667	1480.3275862069	-0.0204513162831243	-0.0639513502685758	60.6005018881586	58.4697379144311	20
"73"	51	14.8772856917563	14.4146288661476	393.1	440.006896551724	-0.371970576545438	-0.251891277948933	28.7249128011563	30.5167179920476	20
"74"	55	14.8772856917563	14.4146288661476	393.1	440.006896551724	-0.293279727057225	-0.193805952936792	47.5033619075944	49.9598460066404	20
"75"	59	13.3854171899642	12.8589418420467	923.6	1005.94137931034	-0.37794548878042	-0.204562888988334	30.012386290007	33.6497063973547	20
"76"	63	13.3854171899642	12.8589418420467	923.6	1005.94137931034	-0.318423234499911	-0.151485804055193	48.3828847494127	53.4720382823329	20
"77"	67	11.6213623942652	11.031098773452	1273.36666666667	1380.36206896552	-0.1478463099046	-0.0620182990929291	35.9240992381693	38.0871997442243	20
"78"	71	11.6213623942652	11.031098773452	1273.36666666667	1380.36206896552	-0.126952416822374	-0.0452030189620573	56.2041984211391	59.0088076502668	20
"79"	75	15.3860867670251	15.4569882091212	359.4	442.48275862069	-0.518473253758716	-0.347138790086049	25.6552894129598	29.2133428077195	20
"80"	79	15.3860867670251	15.4569882091212	359.4	442.48275862069	-0.424723659087094	-0.270160041474719	43.2260109161352	47.9351695569704	20
"81"	83	13.9505261362007	13.9393992065258	920.533333333333	1019.02413793103	-0.348897946312417	-0.298873496134019	30.7050123468684	31.9675504869763	20
"82"	87	13.9505261362007	13.9393992065258	920.533333333333	1019.02413793103	-0.289448234137465	-0.239821835599022	49.2367757601396	50.9238630483724	20
"83"	91	12.1528600860215	12.1208669825732	1299.66666666667	1400.91724137931	-0.180846030745885	-0.17564389083046	34.3921562076304	35.314516685951	20
"84"	95	12.1528600860215	12.1208669825732	1299.66666666667	1400.91724137931	-0.124224407327546	-0.129928537610711	54.8621586876135	55.5350369144403	20
"85"	99	17.1072072688172	17.1931540496848	519.4	475.9	-0.271400188089909	-0.344697843993748	30.0528196788258	28.9457222500902	20
"86"	103	17.1072072688172	17.1931540496848	519.4	475.9	-0.197242542783241	-0.274811310288837	49.6012164975646	47.4519799063562	20
"87"	107	15.6343685591398	15.7560749647757	1195.63333333333	1124.22068965517	-0.27592332154297	-0.32649743389782	32.3489888261858	31.1923687643351	20
"88"	111	15.6343685591398	15.7560749647757	1195.63333333333	1124.22068965517	-0.20657747122395	-0.265983654435225	51.9332328244173	49.9620060682979	20
"89"	115	13.8201216344086	13.9462255498702	1584.76666666667	1505.51379310345	-0.219260064634336	-0.24283021979202	34.0445712623216	33.0840705654406	20
"90"	119	13.8201216344086	13.9462255498702	1584.76666666667	1505.51379310345	-0.16958968497434	-0.181415067957404	53.6385174199829	52.6684370038789	20
"91"	4	10.6216123584229	11.9983135884316	407.7	395.093103448276	-0.121926788727899	-0.22896760916597	32.1890999440029	31.1117950929653	20
"92"	8	10.6216123584229	11.9983135884316	407.7	395.093103448276	-0.0591658352225281	-0.171644743691695	52.5608799971622	50.4666356995192	20
"93"	12	9.07100404301075	10.450908114201	913.366666666667	887.348275862069	-0.0764898396999393	-0.130945154279797	36.0563474421543	34.9578076519401	20
"94"	16	9.07100404301075	10.450908114201	913.366666666667	887.348275862069	-0.0374528115332398	-0.080182405329346	57.2140905265132	55.5164648327033	20
"95"	20	7.20812454480287	8.60398990285502	1266.3	1208.19310344828	-0.0181318465850065	-0.0466591533802009	39.7181218298209	38.4356694589522	20
"96"	24	7.20812454480287	8.60398990285502	1266.3	1208.19310344828	-0.0170755599038611	-0.0305767775810952	61.0777476184965	59.5483837323545	20
"97"	28	14.847193218638	14.3043539325176	466.2	424.965517241379	-0.213347419418088	-0.256128960149664	31.5769872879381	30.4152835724513	20
"98"	32	14.847193218638	14.3043539325176	466.2	424.965517241379	-0.137157088734576	-0.188371836197763	51.7151452230518	49.8616788703144	20
"99"	36	13.2974937204301	12.7159343062662	962.833333333333	981.386206896552	-0.150862807954124	-0.201239071691249	34.2085038170348	33.8924156756629	20
"100"	40	13.2974937204301	12.7159343062662	962.833333333333	981.386206896552	-0.0761728360979719	-0.149398641452202	54.9534930190067	53.9293118975903	20
"101"	44	11.4816139354839	10.8830145524657	1319.66666666667	1336.00344827586	-0.0467386880992301	-0.0864719994889912	38.0835464672249	37.4981747413354	20
"102"	48	11.4816139354839	10.8830145524657	1319.66666666667	1336.00344827586	-0.0255616416569713	-0.0635926943357311	59.4135153792141	58.3863412649831	20
"103"	52	14.4376795555556	15.0993761824249	471.3	425.61724137931	-0.174895317012489	-0.33205920193362	31.7209243574014	29.2036663077711	20
"104"	56	14.4376795555556	15.0993761824249	471.3	425.61724137931	-0.107244504722375	-0.269741301427426	51.5781510788063	47.8850394956137	20
"105"	60	12.8575348387097	13.5476699325176	1083.43333333333	980.775862068966	-0.191235868706865	-0.286143584430454	34.0443413377075	31.968232138649	20
"106"	64	12.8575348387097	13.5476699325176	1083.43333333333	980.775862068966	-0.1327331326234	-0.229943053747175	53.6636212446283	51.1125213856914	20
"107"	68	10.9963596702509	11.693649340749	1468.63333333333	1352.86206896552	-0.0582889435976872	-0.125145632353522	38.4418360211158	36.3599721102306	20
"108"	72	10.9963596702509	11.693649340749	1468.63333333333	1352.86206896552	-0.0293259657234481	-0.0883166683270035	59.5027590653433	56.8905576258145	20
"109"	76	14.2539760430108	15.1202572680756	474.233333333333	471.158620689655	-0.241743680343836	-0.293068681548989	31.9615685968303	30.3827365249928	20
"110"	80	14.2539760430108	15.1202572680756	474.233333333333	471.158620689655	-0.175340570609028	-0.223515588782926	52.0071625510304	49.687114107883	20
"111"	84	12.6952242867384	13.6303816314423	1070.6	1069.17586206897	-0.223560930094697	-0.255981936202013	33.6695913581562	32.697731626666	20
"112"	88	12.6952242867384	13.6303816314423	1070.6	1069.17586206897	-0.147027287871427	-0.200112981203261	53.193259163518	52.0828109913133	20
"113"	92	10.8454246594982	11.8100688468669	1464.7	1465.68275862069	-0.0955720222533996	-0.137988645528492	36.7910409248261	35.9288678058384	20
"114"	96	10.8454246594982	11.8100688468669	1464.7	1465.68275862069	-0.0447590024667278	-0.101896100636074	57.8194438294881	56.3384902817097	20
"115"	100	17.50251390681	17.3387783700408	492.9	431.444827586207	-0.221343087474058	-0.394258807954898	29.9261932635318	28.0238584264832	20
"116"	104	17.50251390681	17.3387783700408	492.9	431.444827586207	-0.112129261915776	-0.318480880847516	50.29766999955	45.9803138550244	20
"117"	108	16.0781137204301	15.9102350344828	1192.06666666667	1054.98620689655	-0.217998847567099	-0.332544061133151	32.2896075410381	30.9257150046852	20
"118"	112	16.0781137204301	15.9102350344828	1192.06666666667	1054.98620689655	-0.147612250672694	-0.263860094222751	52.3058851537016	49.7059873404381	20
"119"	116	14.2673541935484	14.0991276751947	1637.76666666667	1409.44827586207	-0.163430030449253	-0.247245096536274	33.8217551674802	32.9407982957442	20
"120"	120	14.2673541935484	14.0991276751947	1637.76666666667	1409.44827586207	-0.098654177405233	-0.187683452313535	54.2970899954639	52.4697354876908	20
