"rid"	"temp.short"	"temp.long"	"prec.short"	"prec.long"	"potential.short"	"potential.long"	"content.short"	"content.long"	"replicate"
"1"	1	11.992915311828	12.0269559777531	357.866666666667	383.934482758621	-0.279040910978249	-0.238704372307886	29.671364230278	30.3230054467488	5
"2"	5	11.992915311828	12.0269559777531	357.866666666667	383.934482758621	-0.226083480091494	-0.179779246100381	48.8187779723419	49.5711564620152	5
"3"	9	10.336074437276	10.4201279124954	856.3	886.875862068965	-0.157303129681659	-0.150545644181671	35.1766342128646	34.9494337822333	5
"4"	13	10.336074437276	10.4201279124954	856.3	886.875862068965	-0.134728617632837	-0.116796451810024	55.4352749845687	55.1280384430855	5
"5"	17	8.41398394265233	8.56944366481276	1167.9	1217.74482758621	-0.0537156187696498	-0.0506988017582661	38.9663733023177	38.8221293431181	5
"6"	21	8.41398394265233	8.56944366481276	1167.9	1217.74482758621	-0.0331297168184908	-0.0362312911981417	60.1314195555502	59.9468205881087	5
"7"	25	15.2579974623656	14.2891380348535	482.166666666667	451.431034482759	-0.187369729673234	-0.245025009596168	30.8051609025968	30.9786459106107	5
"8"	29	15.2579974623656	14.2891380348535	482.166666666667	451.431034482759	-0.0998346237227983	-0.180533022232672	51.0889864874999	50.4379120941826	5
"9"	33	13.6496850035842	12.7198534801631	1106.43333333333	1008.49310344828	-0.08999910876869	-0.195647482542098	35.3815933266266	33.9772117575696	5
"10"	37	13.6496850035842	12.7198534801631	1106.43333333333	1008.49310344828	-0.0543172402821021	-0.142444707646335	56.4694283084101	54.0636214987283	5
"11"	41	11.7953014910394	10.8733496536893	1542.2	1388.78965517241	-0.0450464086264541	-0.0897984703741811	38.4024331467833	37.3333405023431	5
"12"	45	11.7953014910394	10.8733496536893	1542.2	1388.78965517241	-0.0247377294640499	-0.0658409217768315	59.7324020587726	58.1646616614539	5
"13"	49	14.4145493189964	14.5427555965888	456.433333333333	454.293103448276	-0.196963925004157	-0.260141350463838	31.7146590109776	30.3513792546373	5
"14"	53	14.4145493189964	14.5427555965888	456.433333333333	454.293103448276	-0.127378954323593	-0.194585648433991	51.9264071847975	49.7346888528762	5
"15"	57	12.8055642580645	13.0173971034483	1037.2	1070.28275862069	-0.186854852408192	-0.231854460912313	34.3975859826543	33.1921407289037	5
"16"	61	12.8055642580645	13.0173971034483	1037.2	1070.28275862069	-0.130871534079239	-0.1713320740062	54.454322383899	52.8446669348457	5
"17"	65	10.9860575197133	11.2016693081201	1436.36666666667	1472.15172413793	-0.0421691768285467	-0.0776902700077181	38.8338331425074	37.8031041134413	5
"18"	69	10.9860575197133	11.2016693081201	1436.36666666667	1472.15172413793	-0.023887914912094	-0.0541180496939458	60.0607142367368	58.6558447879475	5
"19"	73	14.7565786810036	15.1466027185762	402.566666666667	441.313793103448	-0.336844154991336	-0.323491155955098	29.49570461668	29.4605460526974	5
"20"	77	14.7565786810036	15.1466027185762	402.566666666667	441.313793103448	-0.258852418052518	-0.252394851253939	48.7524187586101	48.3175847747168	5
"21"	81	13.2629489318996	13.6465086955877	943	1040.55862068966	-0.288092552470804	-0.275306683631085	32.1638749241547	32.3028976330597	5
"22"	85	13.2629489318996	13.6465086955877	943	1040.55862068966	-0.222464837204966	-0.208510117529076	51.2737457558164	51.399772604698	5
"23"	89	11.4433784659498	11.8257742825362	1321.53333333333	1441.31379310345	-0.131767410219891	-0.119206766114863	35.7296193630989	36.1266552366569	5
"24"	93	11.4433784659498	11.8257742825362	1321.53333333333	1441.31379310345	-0.0900038430978598	-0.075765272712467	56.4476690325556	56.8270114106962	5
"25"	97	16.7676216630824	17.5053860022247	580.933333333333	473.210344827586	-0.195627804855921	-0.325048852132575	31.4637347502467	29.2174083303276	5
"26"	101	16.7676216630824	17.5053860022247	580.933333333333	473.210344827586	-0.135752447483542	-0.244438988714554	51.8536960302783	48.208097093555	5
"27"	105	15.3449990537634	16.078955667779	1330.46666666667	1119.91724137931	-0.306545596690563	-0.307465792090879	31.813486366276	31.45128029386	5
"28"	109	15.3449990537634	16.078955667779	1330.46666666667	1119.91724137931	-0.239940598069742	-0.237669693210333	51.121310686631	50.560210925746	5
"29"	113	13.5473929605735	14.2893441394142	1808.6	1508.75517241379	-0.214248167218559	-0.233894957078355	33.4463194591799	32.9983268605273	5
"30"	117	13.5473929605735	14.2893441394142	1808.6	1508.75517241379	-0.161705449329751	-0.175504046540551	53.2203122883203	52.6500880329855	5
"31"	2	12.9901587670251	12.2328874482759	380.833333333333	386.093103448276	-0.321863739094804	-0.26901459753499	29.2761748287374	29.9482691428978	5
"32"	6	12.9901587670251	12.2328874482759	380.833333333333	386.093103448276	-0.237393771312149	-0.209349956163388	47.9997543937927	48.9099146581145	5
"33"	10	11.2581656200717	10.6525257871709	890.966666666667	893.3	-0.237821635965079	-0.166635990055578	33.6542139078099	34.5890258876572	5
"34"	14	11.2581656200717	10.6525257871709	890.966666666667	893.3	-0.183805281014249	-0.1250923235634	53.3778097339782	54.5764961285598	5
"35"	18	9.38622650896057	8.80594916277345	1191.46666666667	1225.91724137931	-0.077753866596563	-0.0545962819844498	37.9185266530568	38.5788079783346	5
"36"	22	9.38622650896057	8.80594916277345	1191.46666666667	1225.91724137931	-0.0488573463779119	-0.0389770781538904	58.9182510022427	59.6168203193774	5
"37"	26	13.7070013189964	14.2767460274379	447.1	430.772413793103	-0.354840809120198	-0.286527026112653	30.3107768880942	30.4634220080689	5
"38"	30	13.7070013189964	14.2767460274379	447.1	430.772413793103	-0.300248177698221	-0.222448265462337	49.3877830401191	49.6474872670312	5
"39"	34	12.1679978494624	12.7130259592139	1034.8	986.489655172414	-0.313626533179729	-0.235426492400516	32.6825305590526	33.4080509740136	5
"40"	38	12.1679978494624	12.7130259592139	1034.8	986.489655172414	-0.2651635783539	-0.179815722165514	51.9697750687228	53.1948868724304	5
"41"	42	10.3477934623656	10.8746078769003	1376.23333333333	1348.88620689655	-0.165320193230869	-0.104226868430882	36.3233933006497	37.0418425425386	5
"42"	46	10.3477934623656	10.8746078769003	1376.23333333333	1348.88620689655	-0.115084796583217	-0.0731634152287702	56.7974585878574	57.8590360057957	5
"43"	50	13.2502246021505	14.3618895528365	534.733333333333	460.824137931034	-0.20452120119105	-0.256184403009991	32.6171628546214	30.7242238561677	5
"44"	54	13.2502246021505	14.3618895528365	534.733333333333	460.824137931034	-0.158182035741794	-0.198985616566048	52.8223621476495	50.0890259758124	5
"45"	58	11.674427655914	12.8207481349648	1234.96666666667	1063.8	-0.209917724967558	-0.238465116286481	33.885861956156	33.1787987886043	5
"46"	62	11.674427655914	12.8207481349648	1234.96666666667	1063.8	-0.142509654931838	-0.179393165132453	53.9039979463673	52.8112906396033	5
"47"	66	9.83500209318997	10.9921082224694	1684	1454.86896551724	-0.0220567953696678	-0.065050654064964	39.2996985925601	37.9224853982631	5
"48"	70	9.83500209318997	10.9921082224694	1684	1454.86896551724	-0.0187565205516153	-0.0436898827767566	60.6593243812358	58.9007481551307	5
"49"	74	15.5293661648746	15.1776714200964	487.5	474.886206896552	-0.17997559409327	-0.273544189103453	31.9129365789899	30.429938147948	5
"50"	78	15.5293661648746	15.1776714200964	487.5	474.886206896552	-0.104274702167507	-0.203941275865578	52.1018744273842	49.7341832576176	5
"51"	82	13.9199921433692	13.6493694015573	1123.93333333333	1080.42068965517	-0.18308641257676	-0.228225237858028	33.8654575670818	33.03934717279	5
"52"	86	13.9199921433692	13.6493694015573	1123.93333333333	1080.42068965517	-0.100565046809816	-0.16712574228845	53.9954198328654	52.4877528921199	5
"53"	90	12.0642532329749	11.8168800222469	1566.46666666667	1487.07586206897	-0.0770487622523792	-0.106539400516585	36.7918071171701	36.5110464297029	5
"54"	94	12.0642532329749	11.8168800222469	1566.46666666667	1487.07586206897	-0.0387580459897957	-0.0644389855410629	57.9626547497269	57.4050667301091	5
"55"	98	17.2763708673835	17.1941819918428	438.033333333333	449.479310344828	-0.345860941802491	-0.346742119289336	29.1781539865047	28.854203922943	5
"56"	102	17.2763708673835	17.1941819918428	438.033333333333	449.479310344828	-0.251440521180851	-0.266677693850937	47.7701720256028	47.4040056647511	5
"57"	106	15.7910424659498	15.7522662246941	1071.83333333333	1074.54482758621	-0.26268426717803	-0.282635217501661	33.1956838549274	31.9225355949205	5
"58"	110	15.7910424659498	15.7522662246941	1071.83333333333	1074.54482758621	-0.205308411371785	-0.22146007875427	52.3257873403472	51.0379730656923	5
"59"	114	13.9670933620072	13.9524323604004	1439.7	1439.94137931034	-0.219541517673466	-0.212388871667373	34.4118756829065	33.6603949800263	5
"60"	118	13.9670933620072	13.9524323604004	1439.7	1439.94137931034	-0.160389696134141	-0.161161633550446	54.3914137727096	53.4323104857558	5
"61"	3	11.622335311828	11.966606567297	388.1	382.786206896552	-0.243496104934097	-0.261918840507638	29.2774551076644	30.1221329499392	5
"62"	7	11.622335311828	11.966606567297	388.1	382.786206896552	-0.166022334757224	-0.206846828670303	48.1864203751273	49.0342502904875	5
"63"	11	9.91096362724014	10.4050555609937	910.066666666667	866.71724137931	-0.0586591362232378	-0.150178534359001	36.2726864315554	34.6638699695661	5
"64"	15	9.91096362724014	10.4050555609937	910.066666666667	866.71724137931	-0.0306983349387577	-0.108323386460834	57.6109841102569	54.847764377383	5
"65"	19	7.99239109677419	8.54895956989247	1252.03333333333	1186.26896551724	-0.0183238845132314	-0.0558177657460534	39.769757448516	38.6257773225438	5
"66"	23	7.99239109677419	8.54895956989247	1252.03333333333	1186.26896551724	-0.0170793590148878	-0.0409374295881792	61.1293832371916	59.6363727523339	5
"67"	27	14.0349002150538	14.5431602803115	507.966666666667	438.441379310345	-0.164895347838217	-0.272505753366286	32.9316153464266	30.2158567208418	5
"68"	31	14.0349002150538	14.5431602803115	507.966666666667	438.441379310345	-0.110743126663671	-0.205757380155284	53.4678714556602	49.5939057622318	5
"69"	35	12.4886058924731	13.0059177041157	1122.96666666667	1012.5	-0.143862944827227	-0.220914062763469	34.7854257722634	33.4069536909646	5
"70"	39	12.4886058924731	13.0059177041157	1122.96666666667	1012.5	-0.0904603243977187	-0.166046161291273	55.471187924738	53.2642093799649	5
"71"	43	10.6315226666667	11.1776461075269	1539.4	1389.21724137931	-0.0655153558264981	-0.105118584993024	37.4072077894332	37.1127051899098	5
"72"	47	10.6315226666667	11.1776461075269	1539.4	1389.21724137931	-0.0307539831505761	-0.0800614314043983	58.7162167340089	57.849448947486	5
"73"	51	14.0732899498208	14.9937565932518	490.133333333333	433.362068965517	-0.249652435480709	-0.313361371534512	32.253686397764	29.4860981454072	5
"74"	55	14.0732899498208	14.9937565932518	490.133333333333	433.362068965517	-0.200140918234663	-0.242342233131972	52.1518774043425	48.3286802640436	5
"75"	59	12.4740944946237	13.4608857159807	1187	1006.65862068966	-0.263900146688645	-0.262719834890012	33.0902178084842	32.2743409669578	5
"76"	63	12.4740944946237	13.4608857159807	1187	1006.65862068966	-0.207805957326868	-0.204421671608669	52.8164057752268	51.5088589321931	5
"77"	67	10.6183307240143	11.636543667779	1642.23333333333	1386.53448275862	-0.146411879326171	-0.0806388550963509	37.2569652214487	37.1356705838866	5
"78"	71	10.6183307240143	11.636543667779	1642.23333333333	1386.53448275862	-0.127719420674404	-0.0546555745709338	57.5357125786907	57.8446290985502	5
"79"	75	15.4509088602151	15.2009197953281	406.2	458.634482758621	-0.28698644096954	-0.295884621224439	29.3039905923723	29.7309218614612	5
"80"	79	15.4509088602151	15.2009197953281	406.2	458.634482758621	-0.209065780523681	-0.229552260254136	48.9297900210857	48.5726712437602	5
"81"	83	13.9763381505376	13.7029089358547	932.133333333333	1055.09310344828	-0.222377509353478	-0.253613130253065	32.4429841080336	32.4080702793464	5
"82"	87	13.9763381505376	13.7029089358547	932.133333333333	1055.09310344828	-0.159441660824163	-0.194895059760941	51.5039410837536	51.6337199415172	5
"83"	91	12.1905789390681	11.8820956025213	1338.7	1452.78275862069	-0.131579236128907	-0.123861970198368	34.3267509616816	36.187884869802	5
"84"	95	12.1905789390681	11.8820956025213	1338.7	1452.78275862069	-0.0590344585330667	-0.087103079580743	55.0213004360764	56.7355480128092	5
"85"	99	17.0010880860215	17.3581315787912	485.933333333333	455.324137931034	-0.197321845804487	-0.370908560401647	30.5527336368545	28.2415683099996	5
"86"	103	17.0010880860215	17.3581315787912	485.933333333333	455.324137931034	-0.112326967298487	-0.298248525737306	50.9813781313237	46.6167128421626	5
"87"	107	15.6201784659498	15.9346062024472	1130.73333333333	1065.55172413793	-0.233339142391853	-0.337106683075734	32.4813556386504	30.5767865071732	5
"88"	111	15.6201784659498	15.9346062024472	1130.73333333333	1065.55172413793	-0.156365305845247	-0.271160444688818	52.2348403574615	49.3303499627596	5
"89"	115	13.8349434982079	14.1416586844642	1536.3	1428.48965517241	-0.169449874241885	-0.24921588086463	34.2561832427366	32.5510549913827	5
"90"	119	13.8349434982079	14.1416586844642	1536.3	1428.48965517241	-0.0959955190444019	-0.187325717907044	54.5436179993882	52.0001706286321	5
"91"	4	11.1621788817204	11.8784255810159	414.866666666667	382.041379310345	-0.122213506039435	-0.267159680290112	33.1497099217333	30.0145205278266	5
"92"	8	11.1621788817204	11.8784255810159	414.866666666667	382.041379310345	-0.0707774462570412	-0.206811168017893	53.3565686301957	48.779935240908	5
"93"	12	9.57366051612903	10.3389878754171	909.233333333333	872.072413793103	-0.0832864845748012	-0.147615848615706	36.6960137178139	34.6649229265429	5
"94"	16	9.57366051612903	10.3389878754171	909.233333333333	872.072413793103	-0.0448730772960463	-0.0980710391357476	57.8502659157595	54.756233124943	5
"95"	20	7.73519916845878	8.50304728958102	1288.56666666667	1200.15517241379	-0.0339815235421747	-0.0500490193425654	39.3563606829892	38.539945411198	5
"96"	24	7.73519916845878	8.50304728958102	1288.56666666667	1200.15517241379	-0.0209363671766734	-0.0309169177399115	60.6788539805231	59.7094595733206	5
"97"	28	13.894592	14.2917363307379	396.066666666667	430.696551724138	-0.207976826432489	-0.2725143549547	29.8297328118283	29.9948405543018	5
"98"	32	13.894592	14.2917363307379	396.066666666667	430.696551724138	-0.144136135251918	-0.203195685336098	48.6492674779034	49.2712103735202	5
"99"	36	12.2761975913978	12.7637347230256	864.3	983.393103448276	-0.0950523196096605	-0.207089304527846	34.8523135071037	33.7323643483233	5
"100"	40	12.2761975913978	12.7637347230256	864.3	983.393103448276	-0.0446072783273612	-0.155678813086116	55.8748780956637	53.6605556882782	5
"101"	44	10.4566674265233	10.938075323693	1156.33333333333	1356.49310344828	-0.0314944833073195	-0.0922949115667344	38.4656021465683	37.2648704130893	5
"102"	48	10.4566674265233	10.938075323693	1156.33333333333	1356.49310344828	-0.0218210304942521	-0.0640256156810968	59.8252279352439	58.1350321973338	5
"103"	52	14.7409339641577	15.1600030626622	436.166666666667	412.593103448276	-0.240712440525492	-0.362118784314621	30.9168429877249	28.675767293994	5
"104"	56	14.7409339641577	15.1600030626622	436.166666666667	412.593103448276	-0.171366891214825	-0.298914757302557	49.9873510304953	46.8889969680381	5
"105"	60	13.1967597562724	13.6370391605488	1014.63333333333	956.710344827586	-0.159783580575688	-0.296897080503418	33.6254320835836	31.3046356538953	5
"106"	64	13.1967597562724	13.6370391605488	1014.63333333333	956.710344827586	-0.0951738555457382	-0.243619758623276	53.4682921280236	50.0593074789896	5
"107"	68	11.3430232688172	11.7946833756025	1404.1	1309.56206896552	-0.0546536704365367	-0.103233725629651	38.4946672380584	36.5688646937401	5
"108"	72	11.3430232688172	11.7946833756025	1404.1	1309.56206896552	-0.0325773256362574	-0.0713196140773436	59.4469622670091	57.2729634388231	5
"109"	76	15.3107887168459	15.1572862499073	373.933333333333	441.541379310345	-0.620866276375492	-0.321263690555457	25.2424105868902	29.785235939188	5
"110"	80	15.3107887168459	15.1572862499073	373.933333333333	441.541379310345	-0.527038196750039	-0.253526441037695	41.9219762178368	48.6362886449003	5
"111"	84	13.8639034982079	13.6490284938821	1053.76666666667	1045.40344827586	-0.365019271704146	-0.254937670333272	30.790849072487	32.6102901639458	5
"112"	88	13.8639034982079	13.6490284938821	1053.76666666667	1045.40344827586	-0.30866511950424	-0.196777070474168	49.2778430367412	51.9774471305274	5
"113"	92	12.0593240860215	11.8333383285132	1493.53333333333	1431.5724137931	-0.0782105231331226	-0.11699017747193	38.2548607714413	36.4680041540901	5
"114"	96	12.0593240860215	11.8333383285132	1493.53333333333	1431.5724137931	-0.0549996357412729	-0.0805117875528104	59.2195108998779	57.0619342879867	5
"115"	100	17.4541269964158	17.4346897204301	411.866666666667	423.675862068966	-0.35554196249218	-0.397227007292512	27.5784936778857	27.5279731682365	5
"116"	104	17.4541269964158	17.4346897204301	411.866666666667	423.675862068966	-0.254133270710251	-0.32301847172526	46.0035723693448	45.5306341315017	5
"117"	108	15.9960346953405	15.9561463552095	1012.86666666667	1010.28965517241	-0.259185317521248	-0.33490869284166	31.031586125721	30.5724076176765	5
"118"	112	15.9960346953405	15.9561463552095	1012.86666666667	1010.28965517241	-0.185380661684623	-0.264514609631445	50.6583174524296	49.4728275114577	5
"119"	116	14.2427904659498	14.158682097145	1379.1	1353.46896551724	-0.137634409998711	-0.237358880592967	34.1168356201777	32.7620134446585	5
"120"	120	14.2427904659498	14.158682097145	1379.1	1353.46896551724	-0.089306817454977	-0.182121839369509	54.7456583803097	52.388670969814	5
