"rid"	"temp.short"	"temp.long"	"prec.short"	"prec.long"	"potential.short"	"potential.long"	"content.short"	"content.long"	"replicate"
"1"	1	11.4500483727599	12.1335449996292	391.633333333333	381.765517241379	-0.372655344290468	-0.314347358360391	28.5479262547143	29.1555601817197	15
"2"	5	11.4500483727599	12.1335449996292	391.633333333333	381.765517241379	-0.308886496480968	-0.262678931142432	46.7216471217707	47.3591777242647	15
"3"	9	9.8801523297491	10.5820675164998	922.233333333333	873.406896551724	-0.129010476827699	-0.162485291483629	34.6178678117561	34.3370411791143	15
"4"	13	9.8801523297491	10.5820675164998	922.233333333333	873.406896551724	-0.0915241074435469	-0.115627922910608	55.143963784753	54.2370784578926	15
"5"	17	8.03261135483871	8.73634142083797	1259.6	1199.52413793103	-0.0212547598665364	-0.0543801464527805	39.1878764661039	38.4827646031158	15
"6"	21	8.03261135483871	8.73634142083797	1259.6	1199.52413793103	-0.0190475808973178	-0.0363255351559125	60.3213941753387	59.5561130831401	15
"7"	25	16.2408871684588	14.6577570025955	347.666666666667	440.837931034483	-0.525591435933051	-0.269916451844822	24.6729792168299	30.1625200402276	15
"8"	29	16.2408871684588	14.6577570025955	347.666666666667	440.837931034483	-0.409283420402769	-0.201702471804637	42.7386260594985	49.5628971112003	15
"9"	33	14.6414094480287	13.0989460452354	837.033333333333	1020.71379310345	-0.399060064606396	-0.203976331265516	30.0666735293672	33.8338569154654	15
"10"	37	14.6414094480287	13.0989460452354	837.033333333333	1020.71379310345	-0.318613901655953	-0.152809776738551	49.0542570748608	53.80522015733	15
"11"	41	12.8147635268817	11.2561969343715	1106.63333333333	1408.51724137931	-0.282720643740197	-0.102067872315544	32.9050853575025	37.2883832157748	15
"12"	45	12.8147635268817	11.2561969343715	1106.63333333333	1408.51724137931	-0.224433728058209	-0.0786877936124065	52.6880903712589	58.063422559139	15
"13"	49	14.7427154551971	15.4280019621802	560.266666666667	411.68275862069	-0.0910504028348832	-0.351874707665121	34.1954561433986	28.9226803222763	15
"14"	53	14.7427154551971	15.4280019621802	560.266666666667	411.68275862069	-0.0397674034550805	-0.282998759240078	55.4726254112955	47.2751558219766	15
"15"	57	13.2466383942652	13.9034503092325	1177.1	942.751724137931	-0.149890189134373	-0.334839807926533	35.0884190761232	30.8281409233326	15
"16"	61	13.2466383942652	13.9034503092325	1177.1	942.751724137931	-0.0712774272748082	-0.276587398779237	56.0387799706812	49.4446014104767	15
"17"	65	11.4274139498208	12.0769664901743	1620.46666666667	1298.67586206897	-0.0936451295540229	-0.151799050541178	37.8434676290294	35.2704785332347	15
"18"	69	11.4274139498208	12.0769664901743	1620.46666666667	1298.67586206897	-0.0474231795033443	-0.110312799524083	58.9404561967993	55.531277513636	15
"19"	73	16.0538335197133	15.0132688572488	422.6	449.958620689655	-0.427024900776024	-0.331297916547665	28.4202180436735	29.5052114042328	15
"20"	77	16.0538335197133	15.0132688572488	422.6	449.958620689655	-0.344584811192061	-0.264269469627758	46.9364971262211	48.1992677852157	15
"21"	81	14.5577750824373	13.5104258642937	1061.73333333333	1072.35517241379	-0.417041307716901	-0.257741281853167	30.3349818258705	32.5071766883712	15
"22"	85	14.5577750824373	13.5104258642937	1061.73333333333	1072.35517241379	-0.352588395664553	-0.196059215962043	48.718907436547	51.9245029520443	15
"23"	89	12.7551556415771	11.6755110181683	1445.96666666667	1470.86896551724	-0.280111948744272	-0.121724396766825	32.8300454583436	36.1800159273769	15
"24"	93	12.7551556415771	11.6755110181683	1445.96666666667	1470.86896551724	-0.201137022415581	-0.0812336340060597	52.4319800630674	56.8543124798569	15
"25"	97	17.943306437276	17.6510832169077	404.966666666667	418.658620689655	-0.360909473188965	-0.399914070319749	28.0776786855308	27.1079869655616	15
"26"	101	17.943306437276	17.6510832169077	404.966666666667	418.658620689655	-0.336314007367167	-0.327803297233483	45.1986543618542	45.0419402404894	15
"27"	105	16.5054672688172	16.2042262825362	909.933333333333	987.310344827586	-0.28399347766394	-0.334690268463733	31.0754682706319	30.3387297340923	15
"28"	109	16.5054672688172	16.2042262825362	909.933333333333	987.310344827586	-0.20137206942213	-0.259900332238492	49.8591270359661	49.286135099364	15
"29"	113	14.6062778637993	14.402136790508	1243	1324.91379310345	-0.180479642978341	-0.235814878750032	33.8757120451821	32.6295042870835	15
"30"	117	14.6062778637993	14.402136790508	1243	1324.91379310345	-0.121377204197819	-0.180219901143647	54.3688771069286	52.1884447819382	15
"31"	2	12.6202183512545	11.9963660126066	378.133333333333	375.886206896552	-0.33235620766668	-0.3087376946442	28.8766919753223	29.1632023294786	15
"32"	6	12.6202183512545	11.9963660126066	378.133333333333	375.886206896552	-0.282461870797751	-0.254091407223951	46.7547447088712	47.3903096843146	15
"33"	10	11.1392868817204	10.4502747408231	871.133333333333	865.041379310345	-0.179063894069907	-0.167664047501281	34.562263203216	34.4975029443294	15
"34"	14	11.1392868817204	10.4502747408231	871.133333333333	865.041379310345	-0.137173995298569	-0.123096308182004	53.9860485336908	54.4109982607956	15
"35"	18	9.29582497491039	8.58770384575454	1200.6	1189.54482758621	-0.0767033107472681	-0.0610849314235588	37.611405282366	38.2476660252945	15
"36"	22	9.29582497491039	8.58770384575454	1200.6	1189.54482758621	-0.0497330692016259	-0.0407721408520042	58.5010163636223	59.2789925780577	15
"37"	26	14.7336409749104	14.4954271931776	426.3	445.675862068966	-0.300051536422381	-0.277032065850675	30.4456421244707	30.4804961479279	15
"38"	30	14.7336409749104	14.4954271931776	426.3	445.675862068966	-0.231448869487142	-0.22050111915754	49.8060222318257	49.6981328639717	15
"39"	34	13.1560802580645	12.9615799851687	1042.96666666667	1048.71724137931	-0.2643364290119	-0.223512903677949	33.3496993111118	33.7127853517348	15
"40"	38	13.1560802580645	12.9615799851687	1042.96666666667	1048.71724137931	-0.193786094788168	-0.17498541173615	52.9928513842693	53.5643645034737	15
"41"	42	11.2982471684588	11.1282374890619	1446.16666666667	1453.90344827586	-0.131141278302922	-0.0895293340930315	36.516760488301	37.4637826319091	15
"42"	46	11.2982471684588	11.1282374890619	1446.16666666667	1453.90344827586	-0.0975592678262787	-0.0644725877613632	57.1008029310871	58.3110068580538	15
"43"	50	15.5696137060932	15.0119130055617	416.433333333333	418.386206896552	-0.406348989211706	-0.354279300443377	28.8227847995122	28.9977871093663	15
"44"	54	15.5696137060932	15.0119130055617	416.433333333333	418.386206896552	-0.346685542377786	-0.288054596902921	46.6110221201103	47.4457600329477	15
"45"	58	13.9978459784946	13.4517227037449	957.966666666667	960.644827586207	-0.4417242994081	-0.326425119375661	29.1639136627335	31.084938667232	15
"46"	62	13.9978459784946	13.4517227037449	957.966666666667	960.644827586207	-0.386564315905598	-0.274531963834636	46.9342868949016	49.7154456199347	15
"47"	66	12.1733972329749	11.6140638917316	1316.7	1314.47586206897	-0.16721306860025	-0.124839091955143	34.7999307372002	35.956337219917	15
"48"	70	12.1733972329749	11.6140638917316	1316.7	1314.47586206897	-0.115795245280243	-0.0934746758328334	55.1930726330868	56.3827020316391	15
"49"	74	15.0020034982079	15.1139137441602	487.4	449.510344827586	-0.270875956181926	-0.289020388749934	30.7136125899946	29.9580340376343	15
"50"	78	15.0020034982079	15.1139137441602	487.4	449.510344827586	-0.204790792568721	-0.225923238519724	50.3078762716641	48.9512152501968	15
"51"	82	13.4619312114695	13.5856290530219	1119.73333333333	1046.71379310345	-0.166433992833638	-0.227403066510638	33.9335025154768	32.8956035000166	15
"52"	86	13.4619312114695	13.5856290530219	1119.73333333333	1046.71379310345	-0.124635030274463	-0.171155413044504	53.8392305383167	52.3748891019641	15
"53"	90	11.590879827957	11.7524456922506	1551.76666666667	1437.10344827586	-0.0483135573043118	-0.112045583952629	37.5268235850716	36.2987608652684	15
"54"	94	11.590879827957	11.7524456922506	1551.76666666667	1437.10344827586	-0.0263344558403793	-0.0738486897364881	58.8704459518533	56.9630846051326	15
"55"	98	18.2250181935484	17.3588507037449	405.066666666667	426.606896551724	-0.391150328910663	-0.36874836423801	26.0743829924878	27.7435398663712	15
"56"	102	18.2250181935484	17.3588507037449	405.066666666667	426.606896551724	-0.281976509702132	-0.287726738787688	44.414479600497	46.0909669824261	15
"57"	106	16.7551053333333	15.8995020867631	946.266666666667	997.968965517241	-0.274992605312675	-0.304480766980087	30.6086343694043	31.0058838133724	15
"58"	110	16.7551053333333	15.8995020867631	946.266666666667	997.968965517241	-0.186935805110983	-0.233253300388404	50.1313893054047	50.141291781708	15
"59"	114	14.949132688172	14.1060223477938	1277	1335.36551724138	-0.211706326248025	-0.219184508477794	32.5157146307152	33.0951004355016	15
"60"	118	14.949132688172	14.1060223477938	1277	1335.36551724138	-0.154903246132377	-0.161351341501336	52.1102052169853	52.8712100591746	15
"61"	3	11.3780034121864	12.2544330278087	379.766666666667	381.213793103448	-0.302096081743363	-0.285656434787109	29.8356466550842	30.1656908771535	15
"62"	7	11.3780034121864	12.2544330278087	379.766666666667	381.213793103448	-0.237452608026417	-0.225259241055114	48.6923123425246	49.1936181538216	15
"63"	11	9.8580297921147	10.6843662558398	884.4	894.441379310345	-0.136513946948671	-0.161229359373976	34.6341539184258	34.7652311320899	15
"64"	15	9.8580297921147	10.6843662558398	884.4	894.441379310345	-0.079004181249066	-0.115215263535083	55.3402320592074	55.0125431010516	15
"65"	19	8.00183040860215	8.8127694979607	1235.93333333333	1223.69655172414	-0.0259974317322132	-0.0619144694853961	39.1067273203491	38.2562173503898	15
"66"	23	8.00183040860215	8.8127694979607	1235.93333333333	1223.69655172414	-0.0198105284267999	-0.0411230632154575	60.4592166130342	59.3277840072524	15
"67"	27	14.9356056487455	14.4295361616611	383.966666666667	432.131034482759	-0.472812780545756	-0.29494324444616	26.0088838720874	29.558225750453	15
"68"	31	14.9356056487455	14.4295361616611	383.966666666667	432.131034482759	-0.409881677145571	-0.228200530353699	43.2230792365191	48.5105714193146	15
"69"	35	13.4148107383513	12.8634039139785	915.733333333333	1017.01034482759	-0.29735637814452	-0.222582162245749	31.478734056927	33.1877274480951	15
"70"	39	13.4148107383513	12.8634039139785	915.733333333333	1017.01034482759	-0.242424260444494	-0.173958159152958	50.2018179775545	52.7484929511781	15
"71"	43	11.6100275268817	11.0272200875046	1292.53333333333	1400.78620689655	-0.0555105725331672	-0.0850433265659992	36.6979061847686	37.4408083528425	15
"72"	47	11.6100275268817	11.0272200875046	1292.53333333333	1400.78620689655	-0.0294223054217967	-0.0579032887367173	57.9572316949922	58.3620566744809	15
"73"	51	15.5024772043011	14.7324556232851	388.066666666667	416.420689655172	-0.361228901794569	-0.324935036174801	27.2738143577369	29.0711348118657	15
"74"	55	15.5024772043011	14.7324556232851	388.066666666667	416.420689655172	-0.28883995939517	-0.262770393953626	45.0009767882377	47.7250637431987	15
"75"	59	14.0013	13.207740940304	902.566666666667	986.989655172414	-0.216811928409731	-0.259013948656964	31.5835436912883	32.2269586941169	15
"76"	63	14.0013	13.207740940304	902.566666666667	986.989655172414	-0.153892232021183	-0.198070748376329	50.3493453095454	51.5299950597335	15
"77"	67	12.1653798136201	11.386991311828	1237.16666666667	1357.2	-0.0743789051191117	-0.0856595752403519	36.1474601567865	37.2566910613416	15
"78"	71	12.1653798136201	11.386991311828	1237.16666666667	1357.2	-0.0381151105161776	-0.0670581135510172	56.8434298296454	57.9577889954711	15
"79"	75	15.9729938637993	15.4444112866148	449.3	451.941379310345	-0.403289270566173	-0.341288532083949	28.7444178664024	29.2350716703803	15
"80"	79	15.9729938637993	15.4444112866148	449.3	451.941379310345	-0.318729023613315	-0.264202848227427	47.3700551907662	47.9490176261672	15
"81"	83	14.5314986953405	13.9686399021135	1078.3	1046.63103448276	-0.382642334832915	-0.312314488735603	30.8570746960477	31.7363447698483	15
"82"	87	14.5314986953405	13.9686399021135	1078.3	1046.63103448276	-0.291226186409968	-0.243596162896169	49.9169308026277	50.7413289679783	15
"83"	91	12.7244165448029	12.1518260897293	1493	1451.09310344828	-0.224125581347755	-0.184316712559365	34.1754981674075	34.9879409381654	15
"84"	95	12.7244165448029	12.1518260897293	1493	1451.09310344828	-0.156574991283948	-0.13638758979794	54.0692779569124	55.0287540444327	15
"85"	99	18.3946879426523	17.0378807252503	458.6	487.686206896552	-0.420331009731439	-0.333723109630531	26.1240536623917	29.5511416981922	15
"86"	103	18.3946879426523	17.0378807252503	458.6	487.686206896552	-0.302073963288276	-0.257588941132843	43.8628711614459	48.2950942895087	15
"87"	107	16.8908710107527	15.5930691538747	1175.83333333333	1161.37586206897	-0.318014435463786	-0.291620324887525	29.6627311176489	31.8650434127456	15
"88"	111	16.8908710107527	15.5930691538747	1175.83333333333	1161.37586206897	-0.23129920773231	-0.229685635937323	48.8901107133205	51.0506176704447	15
"89"	115	15.0793295770609	13.7821506978124	1617.33333333333	1552.13103448276	-0.222022140503054	-0.210858078438258	32.4166317564869	33.8807037874415	15
"90"	119	15.0793295770609	13.7821506978124	1617.33333333333	1552.13103448276	-0.138364156566808	-0.153088107102756	52.6063398379114	53.8008452213601	15
"91"	4	10.8212215340502	12.0215972369299	394.633333333333	393.365517241379	-0.125988967279576	-0.264350512351179	32.2998506657	30.398679781613	15
"92"	8	10.8212215340502	12.0215972369299	394.633333333333	393.365517241379	-0.0653410259585996	-0.205173931848936	52.8704306602961	49.4640202719857	15
"93"	12	9.21004908960573	10.4609697856878	836.6	891.168965517241	-0.0764478807044117	-0.158441047354805	36.2162503658935	34.4307797305264	15
"94"	16	9.21004908960573	10.4609697856878	836.6	891.168965517241	-0.0387493716831608	-0.106015694718798	57.3884785511953	54.7340877503267	15
"95"	20	7.29401227240143	8.60891186058584	1127.9	1225.50689655172	-0.03482653824447	-0.0701503758923259	39.4059070817245	38.0563886030932	15
"96"	24	7.29401227240143	8.60891186058584	1127.9	1225.50689655172	-0.0262896316660513	-0.0467357968943782	60.4549883695445	59.0271263173231	15
"97"	28	15.3593548243728	14.7890976818687	495.666666666667	423.38275862069	-0.22886912667499	-0.335185317148403	30.8625709665483	29.379837344711	15
"98"	32	15.3593548243728	14.7890976818687	495.666666666667	423.38275862069	-0.159822199215359	-0.262431092578075	50.4980297653283	48.2806333802783	15
"99"	36	13.8243488602151	13.2396350552466	1127.03333333333	999.68275862069	-0.171965406980871	-0.249108512214924	34.0315576838872	33.1223720963171	15
"100"	40	13.8243488602151	13.2396350552466	1127.03333333333	999.68275862069	-0.125019765671643	-0.19404030039443	54.1056411460237	52.6323440405084	15
"101"	44	12.0488456774194	11.4254037434186	1587.6	1391.56206896552	-0.0499763840662091	-0.120931247944691	37.5068872865402	36.6408164108901	15
"102"	48	12.0488456774194	11.4254037434186	1587.6	1391.56206896552	-0.0270877580807321	-0.0873554864389288	58.8368561985295	57.3103855646743	15
"103"	52	14.5127310967742	15.0931905094549	444	406.951724137931	-0.195243078436929	-0.339187952412303	31.4774579839236	28.7826815362637	15
"104"	56	14.5127310967742	15.0931905094549	444	406.951724137931	-0.125323896555926	-0.27035455989854	51.8128108521368	47.402046226166	15
"105"	60	12.882499125448	13.554827667779	1006.03333333333	945.741379310345	-0.147982785900055	-0.25656214751907	35.3512936049283	32.5286067888903	15
"106"	64	12.882499125448	13.554827667779	1006.03333333333	945.741379310345	-0.115729043455465	-0.20142694535919	55.6336036631955	51.9093496707023	15
"107"	68	11.0305806308244	11.7254599985169	1393.7	1299.99310344828	-0.0432213146390196	-0.120477035832515	38.5018040105086	36.4237513215058	15
"108"	72	11.0305806308244	11.7254599985169	1393.7	1299.99310344828	-0.0245571182035793	-0.0873117439670912	59.7148964191206	56.995190787351	15
"109"	76	14.7944577634409	15.4550944189841	411.2	445.072413793103	-0.339493781405412	-0.341415962440987	28.3833078603555	29.14503071854	15
"110"	80	14.7944577634409	15.4550944189841	411.2	445.072413793103	-0.23745932210709	-0.268975933342054	47.5976969815189	47.6120138672818	15
"111"	84	13.267746078853	13.972570751205	956.166666666667	1030.83448275862	-0.256278337572238	-0.2953837777033	32.3475569829796	31.9172223487618	15
"112"	88	13.267746078853	13.972570751205	956.166666666667	1030.83448275862	-0.190721955752661	-0.231725913752014	51.497329322964	50.8349874114568	15
"113"	92	11.454679125448	12.1593928794957	1335.1	1422.64827586207	-0.143976343521119	-0.182173128241981	35.4017592885704	34.8546886832615	15
"114"	96	11.454679125448	12.1593928794957	1335.1	1422.64827586207	-0.0811902051750874	-0.132119100385567	56.1173984885557	54.9171136523896	15
"115"	100	17.8143123297491	17.5428447860586	512.366666666667	450.868965517241	-0.282602494255546	-0.385951704971925	28.4792715482804	27.6606840287054	15
"116"	104	17.8143123297491	17.5428447860586	512.366666666667	450.868965517241	-0.203533908234847	-0.300147652420726	47.8986260892509	45.791394353503	15
"117"	108	16.413871655914	16.1275878116426	1241.23333333333	1098.64137931034	-0.394689038623935	-0.340550638118756	29.211815183084	30.3090053365864	15
"118"	112	16.413871655914	16.1275878116426	1241.23333333333	1098.64137931034	-0.30610858916382	-0.259260680328322	47.6910821240276	49.0357654608161	15
"119"	116	14.603522265233	14.3125854030404	1691.9	1491.08275862069	-0.270175004562607	-0.230020196035031	31.3424528112799	33.1650811168422	15
"120"	120	14.603522265233	14.3125854030404	1691.9	1491.08275862069	-0.192392306235242	-0.17067492162155	50.668589538336	52.8771462385209	15
