"rid"	"temp.short"	"temp.long"	"prec.short"	"prec.long"	"potential.short"	"potential.long"	"content.short"	"content.long"	"replicate"
"1"	1	11.8467081863799	12.5876879480905	378.666666666667	388.713793103448	-0.241836163285329	-0.25185509415378	31.0781655587147	30.2936542222116	12
"2"	5	11.8467081863799	12.5876879480905	378.666666666667	388.713793103448	-0.174250003807469	-0.196938135953383	50.7093754547122	49.3815699049423	12
"3"	9	10.3196261792115	11.0389230152021	880.4	892.593103448276	-0.139346099779566	-0.158357077797565	35.5849183729592	34.2770960663276	12
"4"	13	10.3196261792115	11.0389230152021	880.4	892.593103448276	-0.0747500445486069	-0.105574392113472	56.178568421324	54.4891807051319	12
"5"	17	8.52566511827957	9.21822297960697	1240.4	1224.06551724138	-0.0318616958933078	-0.0500141336127137	39.0934017067762	38.3842577524349	12
"6"	21	8.52566511827957	9.21822297960697	1240.4	1224.06551724138	-0.0221365550642295	-0.035109166697418	60.379146072118	59.5095190887249	12
"7"	25	13.4245039283154	14.1479015038932	419.466666666667	435.58275862069	-0.185913022094146	-0.218904390670103	31.7201575236371	31.3196165504877	12
"8"	29	13.4245039283154	14.1479015038932	419.466666666667	435.58275862069	-0.115573872713367	-0.153391952901281	52.1504871525221	51.1588323545288	12
"9"	33	11.9294294193548	12.5513733600297	928.566666666667	1008.68620689655	-0.151986107753907	-0.16935220599474	34.9851786665818	34.3521946158081	12
"10"	37	11.9294294193548	12.5513733600297	928.566666666667	1008.68620689655	-0.101643560473183	-0.117365502271993	55.6478507738459	54.6534218474033	12
"11"	41	10.099687655914	10.6943315268817	1282.93333333333	1392.04827586207	-0.0557552038248264	-0.0671609671091382	38.5681355861586	37.9484981553936	12
"12"	45	10.099687655914	10.6943315268817	1282.93333333333	1392.04827586207	-0.0323447722815424	-0.0434406280004802	59.7888536050403	58.9934883054749	12
"13"	49	15.3352494623656	15.2310180452354	379.6	397.279310344828	-0.319438908594723	-0.349864307074136	28.6358029069296	28.2023860910888	12
"14"	53	15.3352494623656	15.2310180452354	379.6	397.279310344828	-0.236657936313572	-0.269511014930774	47.8484368480597	46.8272866562182	12
"15"	57	13.865710953405	13.7164377100482	820.966666666667	927.965517241379	-0.243224139050267	-0.278203256637066	31.6639519975847	31.6672454930703	12
"16"	61	13.865710953405	13.7164377100482	820.966666666667	927.965517241379	-0.183044403445863	-0.208546510382952	51.0789365095905	51.0734568636158	12
"17"	65	12.0060306523297	11.8788160860215	1120.63333333333	1278.47586206897	-0.13818210582866	-0.127077906838821	34.3770518963732	35.7940390881387	12
"18"	69	12.0060306523297	11.8788160860215	1120.63333333333	1278.47586206897	-0.082259982997667	-0.0824806104930126	54.931331135683	56.4984559987367	12
"19"	73	14.6176041863799	15.2352869855395	392.833333333333	461.872413793103	-0.437380951481657	-0.295889515099923	27.56920342793	30.0035598570537	12
"20"	77	14.6176041863799	15.2352869855395	392.833333333333	461.872413793103	-0.374739344654453	-0.226860395593799	44.638588637995	49.0222001187918	12
"21"	81	13.1995995842294	13.7656091583241	1024.03333333333	1040.44827586207	-0.298366651782922	-0.246692825095141	30.7830638442526	32.5821892310281	12
"22"	85	13.1995995842294	13.7656091583241	1024.03333333333	1040.44827586207	-0.214694624727126	-0.181607761005693	49.853874349962	52.0929323745614	12
"23"	89	11.4129475842294	11.9486155387468	1421.5	1419.37586206897	-0.0643753767613992	-0.121626172039546	37.4591285859465	36.07524559867	12
"24"	93	11.4129475842294	11.9486155387468	1421.5	1419.37586206897	-0.0309527511172051	-0.0794645838483339	58.7510783768044	56.8405847619043	12
"25"	97	16.7684188673835	16.8111596484983	406.9	459.144827586207	-0.38588664268499	-0.345048326487045	27.4684372497998	29.1908912205339	12
"26"	101	16.7684188673835	16.8111596484983	406.9	459.144827586207	-0.332009436984715	-0.264350008860222	45.0400587152755	47.8974161220558	12
"27"	105	15.1690244157706	15.3992281705599	975.966666666667	1095.11034482759	-0.356299927866892	-0.292772099888431	29.919346458008	31.4820303263982	12
"28"	109	15.1690244157706	15.3992281705599	975.966666666667	1095.11034482759	-0.272141929516937	-0.218265568123077	48.5435884977664	50.6833343086946	12
"29"	113	13.3500599283154	13.6120331167964	1288.2	1454.31379310345	-0.194496850593562	-0.208073520940537	32.8696244215348	33.6473384932043	12
"30"	117	13.3500599283154	13.6120331167964	1288.2	1454.31379310345	-0.11774075412739	-0.148944218882059	52.8543260704902	53.4767820016044	12
"31"	2	13.1402313405018	12.5221602580645	341.6	376.520689655172	-0.481058348779229	-0.276752856763441	26.2070558798866	29.8303896044065	12
"32"	6	13.1402313405018	12.5221602580645	341.6	376.520689655172	-0.428879761029166	-0.220334839780208	43.1125987339704	48.7011022775068	12
"33"	10	11.5380639713262	10.9821997523174	883.266666666667	861.689655172414	-0.234244412732662	-0.175583813073965	32.7507222869018	34.1266385267278	12
"34"	14	11.5380639713262	10.9821997523174	883.266666666667	861.689655172414	-0.169798090688741	-0.125731323891469	52.5400477597656	54.2648379491421	12
"35"	18	9.66749377777778	9.14479121394142	1261.13333333333	1178.54482758621	-0.0508166914708089	-0.0601464267529137	38.3299910010384	38.1103868983215	12
"36"	22	9.66749377777778	9.14479121394142	1261.13333333333	1178.54482758621	-0.0276596492387336	-0.0395703641344256	59.5954568344815	59.156925934741	12
"37"	26	14.9664500645161	14.4404020823137	410.7	427.065517241379	-0.304439482616779	-0.259875494604871	29.4422108542267	30.3618284643135	12
"38"	30	14.9664500645161	14.4404020823137	410.7	427.065517241379	-0.221609490837898	-0.194223303839181	48.7195769627798	49.8597409614114	12
"39"	34	13.2880182222222	12.843175415647	1022.86666666667	1007.24482758621	-0.203244558266669	-0.201684396527629	33.5281425621298	33.8281392965058	12
"40"	38	13.2880182222222	12.843175415647	1022.86666666667	1007.24482758621	-0.161846860562861	-0.149584732633904	53.5411736794549	53.8812292880554	12
"41"	42	11.3772575197133	10.9895343641083	1468.46666666667	1385.15862068966	-0.0428463119602033	-0.086586944091109	38.0938885552318	37.5266169462176	12
"42"	46	11.3772575197133	10.9895343641083	1468.46666666667	1385.15862068966	-0.024662200778976	-0.0578103654414105	59.3418965748989	58.5041738510899	12
"43"	50	14.3958822078853	14.9035367801261	405.3	426.986206896552	-0.236389734623793	-0.306401133667177	30.6794099357585	29.4241597724145	12
"44"	54	14.3958822078853	14.9035367801261	405.3	426.986206896552	-0.156582396714474	-0.230834212214395	50.7196389316329	48.4787664996756	12
"45"	58	12.791015655914	13.3618817233964	874.2	980.379310344828	-0.19267892399249	-0.272594366728213	33.4051379811447	32.0369882601698	12
"46"	62	12.791015655914	13.3618817233964	874.2	980.379310344828	-0.122471933376664	-0.202685807365824	53.6398974720869	51.4423537258291	12
"47"	66	10.9371522724014	11.5192487267334	1186.73333333333	1344.88620689655	-0.0849959054968454	-0.099543012393109	36.6927278216815	36.646840132613	12
"48"	70	10.9371522724014	11.5192487267334	1186.73333333333	1344.88620689655	-0.0550126022900927	-0.0627605259886532	57.7414028351343	57.5050154362053	12
"49"	74	15.9856845448029	15.2165278324064	371.5	482.979310344828	-0.451446818054518	-0.265154941307128	27.6232382932488	30.676790819284	12
"50"	78	15.9856845448029	15.2165278324064	371.5	482.979310344828	-0.386529446303879	-0.201201423551258	44.9439260418424	49.9930506042106	12
"51"	82	14.5823811756272	13.7235708431591	867.366666666667	1085.41724137931	-0.332572660848262	-0.227700997940711	31.0489051040647	32.9603403716425	12
"52"	86	14.5823811756272	13.7235708431591	867.366666666667	1085.41724137931	-0.266270366518996	-0.166752737355846	49.6315930019558	52.5738923783907	12
"53"	90	12.795475297491	11.8873475313311	1199.1	1480.54827586207	-0.200970147859519	-0.106895905051996	34.1961547038863	36.5711225717362	12
"54"	94	12.795475297491	11.8873475313311	1199.1	1480.54827586207	-0.15221225239252	-0.0705460625977441	54.3321667900756	57.3760140837251	12
"55"	98	16.0852861792115	16.8891211983686	523.366666666667	466.848275862069	-0.233030291417501	-0.327425247513592	30.6581478114164	29.5255245383549	12
"56"	102	16.0852861792115	16.8891211983686	523.366666666667	466.848275862069	-0.152617976551537	-0.246528959827985	50.3445281039911	48.4432551205653	12
"57"	106	14.6131367311828	15.4615245799036	1211.16666666667	1098.58620689655	-0.198674892231914	-0.267971762701747	32.999286332837	32.0551061618873	12
"58"	110	14.6131367311828	15.4615245799036	1211.16666666667	1098.58620689655	-0.120020394919326	-0.197375071824505	52.9392907006732	51.5284070868617	12
"59"	114	12.8281527168459	13.6648627096774	1639.06666666667	1457.08965517241	-0.0911942388458202	-0.198497428556877	37.0992596360508	33.8517400063822	12
"60"	118	12.8281527168459	13.6648627096774	1639.06666666667	1457.08965517241	-0.0647433797265366	-0.14365979147528	58.0431264316342	53.851108934326	12
"61"	3	10.3920910107527	11.8869243233222	406.533333333333	377.706896551724	-0.0549652131450984	-0.233620976171841	34.1177273161392	30.7097891278073	12
"62"	7	10.3920910107527	11.8869243233222	406.533333333333	377.706896551724	-0.035556785633061	-0.180922955405386	54.9094966168487	49.9256535203891	12
"63"	11	8.85494471684588	10.3650579992584	906.066666666667	869.013793103448	-0.0460665202805753	-0.13616825351038	37.758506465834	35.0549518534523	12
"64"	15	8.85494471684588	10.3650579992584	906.066666666667	869.013793103448	-0.0258028119572851	-0.0891296696832153	59.0911706432574	55.4747219191439	12
"65"	19	6.98241197132617	8.53180171894698	1266.33333333333	1194.8724137931	-0.0166038001439002	-0.0557275820518925	40.3902259046386	38.7308194629234	12
"66"	23	6.98241197132617	8.53180171894698	1266.33333333333	1194.8724137931	-0.0160558480528336	-0.0348245756178075	61.7498516933142	59.8956022377592	12
"67"	27	13.3634049605735	14.126127507601	406.166666666667	434.255172413793	-0.163323180883224	-0.239430960628279	31.6532710700723	31.2180783891046	12
"68"	31	13.3634049605735	14.126127507601	406.166666666667	434.255172413793	-0.102606902671501	-0.174057629917525	50.783352599176	50.6414934643364	12
"69"	35	11.8038974050179	12.6153982499073	846.633333333333	955.693103448276	-0.146337147095027	-0.200464536212819	33.3494769168375	33.8755237973625	12
"70"	39	11.8038974050179	12.6153982499073	846.633333333333	955.693103448276	-0.0714475334376268	-0.141072461787738	53.8935820862092	54.0336754943578	12
"71"	43	9.99991830824373	10.7905759629218	1141.53333333333	1333.81724137931	-0.0279555138100145	-0.100339069358932	38.4447079511149	37.0552980683236	12
"72"	47	9.99991830824373	10.7905759629218	1141.53333333333	1333.81724137931	-0.0210745926894761	-0.0711286216176091	59.8043337397906	57.8875108280801	12
"73"	51	14.5893766451613	15.1715801275491	405.766666666667	404.751724137931	-0.328574009971007	-0.340818036949664	28.0954615587089	28.4821478756773	12
"74"	55	14.5893766451613	15.1715801275491	405.766666666667	404.751724137931	-0.250610636385168	-0.268811629160399	46.7112460564833	47.0046636568561	12
"75"	59	13.1522458064516	13.6779306725992	977.9	976.868965517241	-0.253400131818066	-0.266068235460639	32.8229452328464	32.2241926557049	12
"76"	63	13.1522458064516	13.6779306725992	977.9	976.868965517241	-0.190516570748576	-0.200965120752976	52.0298122412254	51.6199018389555	12
"77"	67	11.4052487598566	11.8694173244346	1342.86666666667	1353.38275862069	-0.0359259337930666	-0.0853816989056446	38.3399174544113	37.0099610138575	12
"78"	71	11.4052487598566	11.8694173244346	1342.86666666667	1353.38275862069	-0.0226362403010201	-0.0580750884118223	59.6760069472026	57.9779387919223	12
"79"	75	15.1585270394265	15.142893352614	398.133333333333	445.558620689655	-0.413447119163138	-0.318705529394842	27.5738817103989	29.8602317038194	12
"80"	79	15.1585270394265	15.142893352614	398.133333333333	445.558620689655	-0.317555937877557	-0.242463093658869	46.2938946451827	48.8599422804715	12
"81"	83	13.6464706379928	13.6452291078977	1002.06666666667	1049.74827586207	-0.30882430248896	-0.270954887134924	32.4311148826709	32.6961686215703	12
"82"	87	13.6464706379928	13.6452291078977	1002.06666666667	1049.74827586207	-0.230625152359657	-0.20348756728752	51.7086416168501	52.0248309382173	12
"83"	91	11.8642161290323	11.8254489729329	1370.73333333333	1435.05172413793	-0.132707115091499	-0.134445456182748	36.1119219395222	35.9801842954764	12
"84"	95	11.8642161290323	11.8254489729329	1370.73333333333	1435.05172413793	-0.0801285818868383	-0.0852333942167846	56.7650123553039	56.6673006768765	12
"85"	99	17.8171030681004	17.8428883692992	455.833333333333	436.237931034483	-0.343982915530982	-0.424318371558825	29.5785941007724	27.6245954493223	12
"86"	103	17.8171030681004	17.8428883692992	455.833333333333	436.237931034483	-0.250577256286239	-0.332330021527483	48.7034126532808	45.7126585698294	12
"87"	107	16.4464627670251	16.4273014949944	1118.36666666667	1051.71379310345	-0.355233521165425	-0.36686511570392	31.1215640044303	30.2938020366397	12
"88"	111	16.4464627670251	16.4273014949944	1118.36666666667	1051.71379310345	-0.27458117835497	-0.285596137841509	50.2256825475627	49.0862658205796	12
"89"	115	14.6796197706093	14.6537049996292	1488	1408.3275862069	-0.291739217519979	-0.281983077714115	31.9959462594391	32.0285614365638	12
"90"	119	14.6796197706093	14.6537049996292	1488	1408.3275862069	-0.229451977683468	-0.220239200366123	51.1564296714817	51.324350095455	12
"91"	4	12.0281022365591	11.8441160266963	380.233333333333	379.620689655172	-0.265334543998578	-0.285682923257061	30.372821687678	29.8969588390125	12
"92"	8	12.0281022365591	11.8441160266963	380.233333333333	379.620689655172	-0.212720739707708	-0.218364870604807	49.6569105368142	48.7962838838532	12
"93"	12	10.3936821935484	10.2817347482388	892.1	883.655172413793	-0.213038470866332	-0.163825067537495	34.4228368168001	34.6167845590972	12
"94"	16	10.3936821935484	10.2817347482388	892.1	883.655172413793	-0.175555534669015	-0.111743360508739	54.1663661327038	54.8901790452919	12
"95"	20	8.53333805017921	8.43293146459029	1223.06666666667	1217.0275862069	-0.065247714372053	-0.0617408105270684	38.6666894202806	38.478646958008	12
"96"	24	8.53333805017921	8.43293146459029	1223.06666666667	1217.0275862069	-0.0452375833551032	-0.0384176722898287	59.6753769160682	59.5688180839319	12
"97"	28	14.1974426523297	14.0634976581387	400.833333333333	452.234482758621	-0.364183542756562	-0.230495553860796	29.0577194665696	30.97360657433	12
"98"	32	14.1974426523297	14.0634976581387	400.833333333333	452.234482758621	-0.281310859278688	-0.164917008092499	47.1091454399778	50.6665556821466	12
"99"	36	12.6733316272401	12.5087670285502	972.066666666667	1037.38620689655	-0.245322906597062	-0.16506952748827	33.0703227113926	34.4376252803077	12
"100"	40	12.6733316272401	12.5087670285502	972.066666666667	1037.38620689655	-0.180245861158902	-0.118137008623584	53.0508377573876	54.7098460898334	12
"101"	44	10.8283836989247	10.648054017056	1337.63333333333	1452.99310344828	-0.0938839766497992	-0.0577542505379753	36.9242406865417	38.394246595571	12
"102"	48	10.8283836989247	10.648054017056	1337.63333333333	1452.99310344828	-0.0601367719052322	-0.0417770416340911	57.9567394048159	59.5520809775129	12
"103"	52	13.5748574480287	14.7379595446793	486.7	419.037931034483	-0.147058089367341	-0.281716124575788	32.745431837102	29.9844995385694	12
"104"	56	13.5748574480287	14.7379595446793	486.7	419.037931034483	-0.114956572378046	-0.211073795340632	52.8880862922348	49.4223152737059	12
"105"	60	11.9824199856631	13.1696835906563	1108.76666666667	983.796551724138	-0.0979463187035896	-0.240043710265317	35.9222305312486	32.7649665150434	12
"106"	64	11.9824199856631	13.1696835906563	1108.76666666667	983.796551724138	-0.0525569807200702	-0.175087779016352	56.6455432470947	52.488707921047	12
"107"	68	10.1706453476703	11.3146185302188	1540.56666666667	1355.80344827586	-0.0223259441112802	-0.101474081404515	39.3566680840382	36.9130814497083	12
"108"	72	10.1706453476703	11.3146185302188	1540.56666666667	1355.80344827586	-0.0187177421108061	-0.0694742701107852	60.7092384245043	57.7524743768152	12
"109"	76	15.6611863225806	15.036991747868	459.633333333333	442.303448275862	-0.330199630657005	-0.31965049551472	30.0439728983448	29.6963459124707	12
"110"	80	15.6611863225806	15.036991747868	459.633333333333	442.303448275862	-0.260378322673272	-0.251981601136942	49.1681382804133	48.6361331134128	12
"111"	84	14.1030126021505	13.5735496447905	1059.06666666667	1025.36551724138	-0.263072393412869	-0.280341749353579	33.0899914698578	32.197612517514	12
"112"	88	14.1030126021505	13.5735496447905	1059.06666666667	1025.36551724138	-0.20525469738813	-0.209922058918668	52.6485461766166	51.5319903882908	12
"113"	92	12.2735773620072	11.7684028149796	1455.16666666667	1403.28965517241	-0.0950513578066395	-0.126854691130322	37.1544288923726	36.2428965734726	12
"114"	96	12.2735773620072	11.7684028149796	1455.16666666667	1403.28965517241	-0.0662041416021359	-0.0780739590847283	58.0515543233258	56.9797393593529	12
"115"	100	17.4981331182796	17.0655261638858	433.7	434.758620689655	-0.442445775769814	-0.393607737037872	26.7179159768991	28.5128773117011	12
"116"	104	17.4981331182796	17.0655261638858	433.7	434.758620689655	-0.320574036543482	-0.315224201100953	44.412104775945	46.8154428458715	12
"117"	108	16.12044590681	15.6043198264739	1020.76666666667	1036.87931034483	-0.362069469535171	-0.343012551792237	30.6239335898103	31.0727752281295	12
"118"	112	16.12044590681	15.6043198264739	1020.76666666667	1036.87931034483	-0.291339209414529	-0.272567695411366	49.0606667501013	49.9961630978958	12
"119"	116	14.3940033548387	13.8090015943641	1375.23333333333	1381.84482758621	-0.309563615252374	-0.24669749985659	31.6676982987692	33.1029684755523	12
"120"	120	14.3940033548387	13.8090015943641	1375.23333333333	1381.84482758621	-0.249327512935064	-0.193204978920828	50.7082362616547	52.7014265281766	12
