"rid"	"temp.short"	"temp.long"	"prec.short"	"prec.long"	"potential.short"	"potential.long"	"content.short"	"content.long"	"replicate"
"1"	1	12.8847169892473	11.9769282343344	427.8	394.524137931034	-0.126292352311817	-0.200463181919601	32.8217036363909	31.3645046366703	2
"2"	5	12.8847169892473	11.9769282343344	427.8	394.524137931034	-0.0583489396239695	-0.144442310225724	53.4393651233329	51.0125687328157	2
"3"	9	11.2800072401434	10.4245912925473	1003.93333333333	900.01724137931	-0.0634599587411868	-0.125224384719486	35.6508094190167	35.43668402656	2
"4"	13	11.2800072401434	10.4245912925473	1003.93333333333	900.01724137931	-0.0326092660798901	-0.0852926978960028	56.9610856329892	56.0346070527369	2
"5"	17	9.45868728315412	8.57345136670375	1329.66666666667	1233.01034482759	-0.0234670366281635	-0.0524585330495787	38.8403035489178	38.6085622024435	2
"6"	21	9.45868728315412	8.57345136670375	1329.66666666667	1233.01034482759	-0.0194885693072764	-0.0377464752458236	60.1999419617928	59.7304522712415	2
"7"	25	13.7410563154122	14.3084281008528	458.4	431.620689655172	-0.203930075415279	-0.253170783226698	31.9602012077428	30.9550944183136	2
"8"	29	13.7410563154122	14.3084281008528	458.4	431.620689655172	-0.105624241313486	-0.185778173435519	52.1357556295145	50.5400698418963	2
"9"	33	12.2289366164875	12.7702001764924	1029.33333333333	997.075862068966	-0.155437989995834	-0.221034040851083	34.7668343032263	33.5216124159661	2
"10"	37	12.2289366164875	12.7702001764924	1029.33333333333	997.075862068966	-0.102776126312293	-0.163729464397653	55.2700988809728	53.3984206766207	2
"11"	41	10.4660925017921	10.9517426978124	1356.36666666667	1379.37586206897	-0.0818411916054842	-0.109936799576387	37.3729269083683	36.9767879857049	2
"12"	45	10.4660925017921	10.9517426978124	1356.36666666667	1379.37586206897	-0.0499726902468748	-0.0786797898699959	58.1343149457775	57.7495658485146	2
"13"	49	15.1594411756272	14.657559529848	407.666666666667	433.193103448276	-0.47603938552701	-0.314031067085466	25.6680564969352	29.3189790894714	2
"14"	53	15.1594411756272	14.657559529848	407.666666666667	433.193103448276	-0.429065664327052	-0.243246013776987	42.0705816898923	48.370366966476	2
"15"	57	13.6845575770609	13.1167271368187	1025.66666666667	1028.39655172414	-0.174653339161642	-0.261630886754461	32.1032519605006	32.5707011466684	2
"16"	61	13.6845575770609	13.1167271368187	1025.66666666667	1028.39655172414	-0.118485742260519	-0.198424126821258	52.3847973781641	52.1598331043164	2
"17"	65	11.8695927741935	11.2956021386726	1421.73333333333	1409.85172413793	-0.0214722577908453	-0.0748510493182676	38.8048551422243	37.7254944023176	2
"18"	69	11.8695927741935	11.2956021386726	1421.73333333333	1409.85172413793	-0.0188941860279729	-0.0513684509877676	60.1644809308999	58.7448985128404	2
"19"	73	15.928671655914	15.0972240622914	382.533333333333	463.386206896552	-0.333892533821431	-0.262804304233522	29.4531757204951	30.347474136191	2
"20"	77	15.928671655914	15.0972240622914	382.533333333333	463.386206896552	-0.207265405474349	-0.191009626548001	49.1159312036319	49.6260786237167	2
"21"	81	14.3362377491039	13.5908949692251	851.333333333333	1040.34137931034	-0.308513739128869	-0.235663588258678	32.1321005483826	32.7743207105169	2
"22"	85	14.3362377491039	13.5908949692251	851.333333333333	1040.34137931034	-0.23840995123962	-0.166853016454626	51.6012716905017	52.1676403718153	2
"23"	89	12.5633856344086	11.7774915802744	1191	1431.79655172414	-0.256373164946047	-0.117272374795635	33.4886504038879	36.3461202117582	2
"24"	93	12.5633856344086	11.7774915802744	1191	1431.79655172414	-0.178671548765394	-0.074819928885685	53.3949257467441	57.1611975914391	2
"25"	97	16.587955655914	16.8820272228402	455.666666666667	472.975862068966	-0.377641578406424	-0.326763894103358	29.1527116753563	29.671187320278	2
"26"	101	16.587955655914	16.8820272228402	455.666666666667	472.975862068966	-0.321104245355737	-0.247302047186492	46.8489976616834	48.6583774910566	2
"27"	105	15.1660939498208	15.4600084137931	1101.83333333333	1114.30689655172	-0.348909786869194	-0.293275732976131	30.7035350309623	31.7635964427354	2
"28"	109	15.1660939498208	15.4600084137931	1101.83333333333	1114.30689655172	-0.282718833871526	-0.221144755365658	48.8908981234321	50.9437559861759	2
"29"	113	13.4091455483871	13.663167243604	1489.23333333333	1487.68275862069	-0.246769763111111	-0.203593776889496	33.3368285212456	33.7826253936934	2
"30"	117	13.4091455483871	13.663167243604	1489.23333333333	1487.68275862069	-0.186876164480032	-0.140241978985733	52.7148295666878	53.8138919452701	2
"31"	2	12.1911875555556	12.2346357567668	402.466666666667	383.134482758621	-0.128473725412083	-0.248299568073417	33.7805000916031	30.4671386784184	2
"32"	6	12.1911875555556	12.2346357567668	402.466666666667	383.134482758621	-0.0751208811341046	-0.189422606581747	54.0260872647975	49.639850718088	2
"33"	10	10.5710842007168	10.651982785317	912.2	879.755172413793	-0.0790285122677869	-0.167660129193468	37.0923614802961	34.6003590310179	2
"34"	14	10.5710842007168	10.651982785317	912.2	879.755172413793	-0.0534173418525146	-0.121804494523657	58.1270272237894	54.7119940694555	2
"35"	18	8.64921962724014	8.80109162031887	1259.26666666667	1215.69310344828	-0.0695244828233336	-0.0654093526399398	38.7683113683477	38.2589767501206	2
"36"	22	8.64921962724014	8.80109162031887	1259.26666666667	1215.69310344828	-0.0457160255908176	-0.0443695666545085	59.8448383949499	59.312014906822	2
"37"	26	13.7047134480287	14.4643422439748	461	443.106896551724	-0.18639979830684	-0.248431079247036	32.7818385727244	31.436057947181	2
"38"	30	13.7047134480287	14.4643422439748	461	443.106896551724	-0.142522402342118	-0.180703409192202	53.1944360585081	51.3229145224097	2
"39"	34	12.2168905089606	12.8942659073044	1000.9	1017.51724137931	-0.19348041163143	-0.210429011980524	34.3072527079832	33.89708699639	2
"40"	38	12.2168905089606	12.8942659073044	1000.9	1017.51724137931	-0.147899608064402	-0.154256998724627	54.6291754219522	54.0204312807883	2
"41"	42	10.4014329892473	11.0458393800519	1370.3	1411.50344827586	-0.154398554824451	-0.103452157113068	37.0023990492912	37.1996281047371	2
"42"	46	10.4014329892473	11.0458393800519	1370.3	1411.50344827586	-0.127529284459211	-0.0733345594470604	57.4764130951835	58.0782512084097	2
"43"	50	14.5308191684588	14.6792067215425	427.1	435.334482758621	-0.299822079987563	-0.283633259864734	30.1744503755996	29.9968393990005	2
"44"	54	14.5308191684588	14.6792067215425	427.1	435.334482758621	-0.231314541216028	-0.207204319436138	49.7736153135081	49.5217753020035	2
"45"	58	13.0325961433692	13.1357033934001	1092.06666666667	1019.03103448276	-0.295730210019949	-0.251433136534901	32.8615211539209	33.0480900079403	2
"46"	62	13.0325961433692	13.1357033934001	1092.06666666667	1019.03103448276	-0.225489649434786	-0.185645631375861	52.5212867135748	52.7812184766	2
"47"	66	11.2397970035842	11.3112379414164	1515.36666666667	1397.16206896552	-0.116260759345132	-0.0974243580666083	37.2621183086418	37.2190419823275	2
"48"	70	11.2397970035842	11.3112379414164	1515.36666666667	1397.16206896552	-0.0755589158998839	-0.0659320704278712	57.9768057360712	58.1408304056986	2
"49"	74	15.0771545806452	15.2671217367445	517.1	453.224137931034	-0.211557571373647	-0.28466178072106	30.7433249361939	30.0924652298232	2
"50"	78	15.0771545806452	15.2671217367445	517.1	453.224137931034	-0.156919391775619	-0.224254157595021	49.7475629157383	48.8148575555486	2
"51"	82	13.6518256630824	13.7944669024842	1206.1	1032.99310344828	-0.224632335328251	-0.246183683236358	32.9272504766013	32.6163339459599	2
"52"	86	13.6518256630824	13.7944669024842	1206.1	1032.99310344828	-0.15699056323364	-0.182759795923198	51.9229753558779	51.635038965971	2
"53"	90	11.8368264086022	11.9802949810901	1713.7	1426.66206896552	-0.0731002035596433	-0.110310957072709	37.3824479372029	36.2051066756392	2
"54"	94	11.8368264086022	11.9802949810901	1713.7	1426.66206896552	-0.0464550149821917	-0.0659403953128088	58.2721729640354	57.0029579319616	2
"55"	98	17.352874437276	17.0724426829811	456.733333333333	480.806896551724	-0.313927056714126	-0.307762962706327	30.8034021496246	29.8099661784771	2
"56"	102	17.352874437276	17.0724426829811	456.733333333333	480.806896551724	-0.220388649361572	-0.223786326248269	50.4859703444967	49.1781558090857	2
"57"	106	15.9761975340502	15.6641573081201	1069.96666666667	1125.64482758621	-0.270443214239079	-0.289680243861906	32.7750946600715	31.7035930730643	2
"58"	110	15.9761975340502	15.6641573081201	1069.96666666667	1125.64482758621	-0.188413822664471	-0.212769475404007	52.62620396291	50.943303968918	2
"59"	114	14.1854517849462	13.863309490545	1419.7	1514.26551724138	-0.213642275912869	-0.2001835495522	33.6242407034312	34.0472721608578	2
"60"	118	14.1854517849462	13.863309490545	1419.7	1514.26551724138	-0.143172926974779	-0.142021706080803	53.6989861021331	54.1206206198815	2
"61"	3	11.213755655914	12.1557906785317	372.766666666667	392.189655172414	-0.334764800853472	-0.246537196276243	29.2399386419346	30.600091095143	2
"62"	7	11.213755655914	12.1557906785317	372.766666666667	392.189655172414	-0.291398969926218	-0.181700589617226	47.1576820607271	49.7777896505297	2
"63"	11	9.71631608602151	10.5701155090842	866	904.755172413793	-0.152465935455924	-0.146285518865741	34.6114107040722	34.6916448228395	2
"64"	15	9.71631608602151	10.5701155090842	866	904.755172413793	-0.10318731657785	-0.0944766520616292	55.0630479186614	55.0203524710753	2
"65"	19	7.85075693189964	8.7294646911383	1199.63333333333	1243.53103448276	-0.0192591489424725	-0.0417815066440785	39.6117047264345	38.8032742046786	2
"66"	23	7.85075693189964	8.7294646911383	1199.63333333333	1243.53103448276	-0.0175631677783359	-0.0287821512280012	60.9703926612323	59.9329648148505	2
"67"	27	14.6003698637993	14.2158205769373	419.533333333333	440.844827586207	-0.282375738140083	-0.242311105710878	30.4917336298553	31.0541171249299	2
"68"	31	14.6003698637993	14.2158205769373	419.533333333333	440.844827586207	-0.212529907384384	-0.174631382110579	50.4023863737836	50.9113099300773	2
"69"	35	13.0231035698925	12.6617892888395	896	1002.40689655172	-0.244493099367137	-0.194193347769714	32.5964086355097	33.9794929689996	2
"70"	39	13.0231035698925	12.6617892888395	896	1002.40689655172	-0.183369412643668	-0.14375361422017	52.6823587839963	54.1441891832024	2
"71"	43	11.1739011756272	10.8205149885057	1164.53333333333	1371.56896551724	-0.148030538162951	-0.103622269000783	36.3615090080935	37.1585243271781	2
"72"	47	11.1739011756272	10.8205149885057	1164.53333333333	1371.56896551724	-0.120122421897844	-0.0703208822658928	56.9328244093095	58.0001565327943	2
"73"	51	15.0972293476703	14.7855246703745	466.4	437.093103448276	-0.263648700571333	-0.306338348865938	30.1055595890921	29.662553246448	2
"74"	55	15.0972293476703	14.7855246703745	466.4	437.093103448276	-0.163936666994664	-0.234080301878434	49.649421176057	48.7277748405712	2
"75"	59	13.5190478136201	13.2698686807564	1029.7	1012.60344827586	-0.205247071449293	-0.240114608341113	33.4316514884641	32.7809352725124	2
"76"	63	13.5190478136201	13.2698686807564	1029.7	1012.60344827586	-0.129712275569598	-0.175942116452805	53.3643013449004	52.4482637442723	2
"77"	67	11.6597956845878	11.4342952272896	1407.66666666667	1388.03448275862	-0.0738417371629039	-0.0899352068011763	37.3265168399013	37.141486240439	2
"78"	71	11.6597956845878	11.4342952272896	1407.66666666667	1388.03448275862	-0.0379521812588659	-0.0566925182868284	58.5329600226801	58.0452088618678	2
"79"	75	15.6137412473118	15.5345381505376	432.5	430.437931034483	-0.288565155683231	-0.299069752248939	30.3889093282309	29.8939835297162	2
"80"	79	15.6137412473118	15.5345381505376	432.5	430.437931034483	-0.221544809415004	-0.230142499492356	49.3824206280353	48.8982656816876	2
"81"	83	14.081604688172	14.0398619888765	977.1	989.265517241379	-0.314377945881401	-0.259938877335756	31.662162938746	32.4542594435818	2
"82"	87	14.081604688172	14.0398619888765	977.1	989.265517241379	-0.244964281910721	-0.19571960158774	50.3822535132254	51.7196826818329	2
"83"	91	12.2622801433692	12.2445709558769	1310.53333333333	1358.34827586207	-0.193556064621102	-0.140453438372406	34.4834601730516	35.6981040186525	2
"84"	95	12.2622801433692	12.2445709558769	1310.53333333333	1358.34827586207	-0.126260008489961	-0.0930302224267611	54.384136593689	56.3115802582451	2
"85"	99	17.2802856630824	16.8284435728587	404.166666666667	468.441379310345	-0.356662319849795	-0.305237052869929	28.6909195441837	29.7207624151576	2
"86"	103	17.2802856630824	16.8284435728587	404.166666666667	468.441379310345	-0.28998303312	-0.238879837975793	47.1697841524721	48.7109396995451	2
"87"	107	15.9326187383513	15.3864868594735	952.133333333333	1090.13793103448	-0.298321048966201	-0.278501174890742	31.0877377050126	31.8258818738547	2
"88"	111	15.9326187383513	15.3864868594735	952.133333333333	1090.13793103448	-0.216303779100386	-0.20663304305145	50.283079526587	51.1114877526391	2
"89"	115	14.110846437276	13.5776139132369	1300.3	1460.66896551724	-0.224737997044601	-0.186104808344381	33.5391247234178	34.3272428139619	2
"90"	119	14.110846437276	13.5776139132369	1300.3	1460.66896551724	-0.156935080372669	-0.129869192207692	53.7086912529382	54.5475174041097	2
"91"	4	12.0882595842294	11.8041468060808	382.433333333333	395.658620689655	-0.277469635578736	-0.242132979359371	29.9546038964304	30.6561315029189	2
"92"	8	12.0882595842294	11.8041468060808	382.433333333333	395.658620689655	-0.213040826142902	-0.168722398466921	48.337578331639	50.0521106729962	2
"93"	12	10.5000804444444	10.2400019621802	875.133333333333	900.41724137931	-0.127323823355229	-0.137635951688501	34.3202972960171	34.9481356016243	2
"94"	16	10.5000804444444	10.2400019621802	875.133333333333	900.41724137931	-0.0843286098371179	-0.0817899094379077	54.1401276847996	55.437966871916	2
"95"	20	8.63365146953405	8.38077743121987	1185.83333333333	1236.13448275862	-0.022783930385843	-0.0432491535640419	38.9045328532805	38.7392275413773	2
"96"	24	8.63365146953405	8.38077743121987	1185.83333333333	1236.13448275862	-0.0192408985002799	-0.0290557540130043	60.2641586419561	59.925660320184	2
"97"	28	14.6150073691756	14.5512508594735	447.666666666667	444.272413793103	-0.310248904503715	-0.281857494712268	28.5594426483125	30.0843194772048	2
"98"	32	14.6150073691756	14.5512508594735	447.666666666667	444.272413793103	-0.251593690544659	-0.210589742307195	47.4740528831259	49.4878154795612	2
"99"	36	13.0478513691756	13.0288166466444	986.266666666667	1022.34482758621	-0.184583489131169	-0.213072869440861	33.9608212429287	33.7133955256326	2
"100"	40	13.0478513691756	13.0288166466444	986.266666666667	1022.34482758621	-0.139539365426058	-0.155295104618737	53.7700899780023	53.5860307845997	2
"101"	44	11.1761163297491	11.1983257664071	1333.83333333333	1423.75862068966	-0.031579435878981	-0.0712792970555606	38.1466188935995	37.5423862886097	2
"102"	48	11.1761163297491	11.1983257664071	1333.83333333333	1423.75862068966	-0.0223745577970655	-0.0466705694507267	59.5062446822752	58.6421431901964	2
"103"	52	16.1928311971326	14.7608048928439	381.533333333333	416.189655172414	-0.482229812614751	-0.284745384734689	25.9510456537724	30.0725015537051	2
"104"	56	16.1928311971326	14.7608048928439	381.533333333333	416.189655172414	-0.419763473889025	-0.223709261148904	42.5068340391679	49.2508724287742	2
"105"	60	14.6949668100358	13.2115813718947	921.166666666667	959.875862068965	-0.360210727653937	-0.236350270747813	29.3523557427448	32.9484062206899	2
"106"	64	14.6949668100358	13.2115813718947	921.166666666667	959.875862068965	-0.309872294899613	-0.184019333392346	46.7600180627302	52.4798329309338	2
"107"	68	12.8815540645161	11.360996916574	1273.56666666667	1315.5724137931	-0.147718203478738	-0.10105478211824	34.5074722646025	36.6816841239649	2
"108"	72	12.8815540645161	11.360996916574	1273.56666666667	1315.5724137931	-0.10197430378784	-0.0704697135966848	54.9436758277241	57.4343471896533	2
"109"	76	15.94626190681	15.1842141386726	504.7	458.665517241379	-0.208853577799319	-0.301036944375171	31.5364579020874	30.0192005790279	2
"110"	80	15.94626190681	15.1842141386726	504.7	458.665517241379	-0.136311604339848	-0.233864980901446	51.622529364518	48.9906442156854	2
"111"	84	14.4437491039427	13.6902542884687	1120.23333333333	1046.66551724138	-0.252524714312355	-0.253095381285057	32.6152545205847	32.5998482468193	2
"112"	88	14.4437491039427	13.6902542884687	1120.23333333333	1046.66551724138	-0.186943001541183	-0.186917102080951	52.4791587568742	51.9783152259846	2
"113"	92	12.6603983942652	11.880315942158	1540.5	1441.17586206897	-0.186289852582831	-0.130571282433189	34.2780634399009	36.0496941422503	2
"114"	96	12.6603983942652	11.880315942158	1540.5	1441.17586206897	-0.13068636316256	-0.0829917832144961	54.3906653372239	56.6808336232027	2
"115"	100	18.4198414336918	17.2530694163886	397.466666666667	461.072413793103	-0.524584227864247	-0.351196267434096	25.6034907442316	28.0410003625193	2
"116"	104	18.4198414336918	17.2530694163886	397.466666666667	461.072413793103	-0.456662693569641	-0.270952948055732	42.3258307248151	46.5512780027822	2
"117"	108	16.9850611899642	15.785478567297	1017.16666666667	1097.23103448276	-0.477842693991462	-0.318171324308971	28.1115073541871	30.7274026330648	2
"118"	112	16.9850611899642	15.785478567297	1017.16666666667	1097.23103448276	-0.402634261545932	-0.243334909786116	45.8807775987901	49.7336467997834	2
"119"	116	15.2001945806452	13.9675233162773	1377.6	1472.8	-0.429201765634044	-0.212368703061548	28.9587197899076	33.2281911565741	2
"120"	120	15.2001945806452	13.9675233162773	1377.6	1472.8	-0.35841554165874	-0.147291488394943	46.8758689852837	53.1790045432237	2
