"rid"	"temp.short"	"temp.long"	"prec.short"	"prec.long"	"potential.short"	"potential.long"	"content.short"	"content.long"	"replicate"
"1"	1	11.5133960430108	12.2894227067112	339.766666666667	371.134482758621	-0.284606047952476	-0.263643533484027	30.2418207583958	30.1580540393602	11
"2"	5	11.5133960430108	12.2894227067112	339.766666666667	371.134482758621	-0.21521072750834	-0.20674449295569	48.6840799591201	49.0581540509233	11
"3"	9	9.96095889605735	10.7184930352243	737.1	862.968965517241	-0.153719337187851	-0.163845853605638	34.3495676674247	34.2549261543278	11
"4"	13	9.96095889605735	10.7184930352243	737.1	862.968965517241	-0.098442829182689	-0.105587097742467	54.3202234645046	54.3121004676933	11
"5"	17	8.13255270250896	8.88206396292177	1028.16666666667	1192.15862068966	-0.0410206970686744	-0.0438470165183714	38.8333940341238	38.7201312714713	11
"6"	21	8.13255270250896	8.88206396292177	1028.16666666667	1192.15862068966	-0.0294312183823212	-0.0305726367617489	60.0184659356319	59.9367275456076	11
"7"	25	13.8706259784946	14.5497733377827	447.633333333333	417.1	-0.167101314869393	-0.267720716045662	32.0096406514469	30.211639573239	11
"8"	29	13.8706259784946	14.5497733377827	447.633333333333	417.1	-0.110470142224138	-0.197380086188505	52.5726971069125	49.7151490677272	11
"9"	33	12.3344420501792	12.9914894386355	963.8	952.410344827586	-0.148517463960471	-0.207410209985362	35.0946890033486	33.7908229688155	11
"10"	37	12.3344420501792	12.9914894386355	963.8	952.410344827586	-0.115528084037934	-0.155838077935234	55.6975380925534	53.9067849024107	11
"11"	41	10.5140583799283	11.1433888987764	1315.4	1322.77586206897	-0.120849075292734	-0.111239525024244	37.2247881365713	36.7440187673248	11
"12"	45	10.5140583799283	11.1433888987764	1315.4	1322.77586206897	-0.0981244602678655	-0.0740071956864776	57.8827601742525	57.5925618597057	11
"13"	49	15.3790266523297	15.2260836351502	455.066666666667	427.562068965517	-0.352446646441406	-0.330654353023597	29.9541402369806	29.279701007874	11
"14"	53	15.3790266523297	15.2260836351502	455.066666666667	427.562068965517	-0.278355677397248	-0.257924741054121	48.4651146114015	48.0132862779491	11
"15"	57	13.822609562724	13.6665731568409	1073.16666666667	989.496551724138	-0.26138972669014	-0.254718979265434	32.0389370170085	32.3907490865019	11
"16"	61	13.822609562724	13.6665731568409	1073.16666666667	989.496551724138	-0.202700110270558	-0.192224147387181	50.9456034950759	51.7912273501754	11
"17"	65	11.9533266953405	11.8247369002595	1480.8	1368.40344827586	-0.0410680377583795	-0.102918485838138	38.0845660013222	36.5316236065732	11
"18"	69	11.9533266953405	11.8247369002595	1480.8	1368.40344827586	-0.0253657795417266	-0.0681429341571345	59.1971556021046	57.2958214365599	11
"19"	73	15.263167827957	15.3648568068224	401.066666666667	431.113793103448	-0.340451413710988	-0.31725118824893	29.3339091401528	30.1907893146048	11
"20"	77	15.263167827957	15.3648568068224	401.066666666667	431.113793103448	-0.273326405156861	-0.253819840494931	47.298153820041	48.9321059789326	11
"21"	81	13.833858609319	13.8899252636263	994.733333333333	1013.40689655172	-0.235529495833458	-0.263878050314192	32.5079216776377	32.5395053858832	11
"22"	85	13.833858609319	13.8899252636263	994.733333333333	1013.40689655172	-0.189974259597157	-0.207368916073584	51.2142353327313	51.7198395502766	11
"23"	89	12.0571579354839	12.0860963574342	1383.3	1395.48965517241	-0.0406229007309019	-0.127824357656363	38.2618117717066	36.1277512190664	11
"24"	93	12.0571579354839	12.0860963574342	1383.3	1395.48965517241	-0.0239286457572332	-0.0889856437860413	59.6045139618171	56.7934502391574	11
"25"	97	18.1424742078853	17.3001875965888	360.166666666667	452.837931034483	-0.536991323240986	-0.378713004936691	26.4007462868359	28.166320897192	11
"26"	101	18.1424742078853	17.3001875965888	360.166666666667	452.837931034483	-0.482096960187849	-0.303602400216761	43.3514910149171	46.5116008280176	11
"27"	105	16.6441150824373	15.8705046347794	898.233333333333	1062.0724137931	-0.494259847885664	-0.347766616839739	28.4885888585864	30.2648155697487	11
"28"	109	16.6441150824373	15.8705046347794	898.233333333333	1062.0724137931	-0.41193267649314	-0.265665088655578	46.2537366230866	49.0553827933343	11
"29"	113	14.8729489462366	14.088259427512	1219.86666666667	1438.64482758621	-0.358531552915688	-0.24151108165211	30.7715862046779	32.7917095403097	11
"30"	117	14.8729489462366	14.088259427512	1219.86666666667	1438.64482758621	-0.285098051238308	-0.177519943727232	49.2996146661523	52.440706534237	11
"31"	2	12.907506781362	12.3017609299221	351.966666666667	376.379310344828	-0.425528482856133	-0.251956421742373	26.4467851982467	30.4851951668859	11
"32"	6	12.907506781362	12.3017609299221	351.966666666667	376.379310344828	-0.383897155792935	-0.195752850016461	42.8485848286743	49.6838675703601	11
"33"	10	11.365522953405	10.7486637834631	877.5	863.489655172414	-0.160557247044417	-0.168646758866155	34.1319410934291	34.4013610106068	11
"34"	14	11.365522953405	10.7486637834631	877.5	863.489655172414	-0.0898564826509208	-0.111457281165695	54.2372751784828	54.5833264199845	11
"35"	18	9.5133807311828	8.89383111308862	1203.83333333333	1184.95862068966	-0.0437602056668255	-0.0590417483250084	38.121202364818	38.2418487892511	11
"36"	22	9.5133807311828	8.89383111308862	1203.83333333333	1184.95862068966	-0.0260172192543129	-0.0389689405162534	59.3994509031512	59.3356933271025	11
"37"	26	14.4580813476702	14.6732207534297	396.466666666667	429.696551724138	-0.357410932926761	-0.268047267385098	29.1496279053942	30.1998521303292	11
"38"	30	14.4580813476702	14.6732207534297	396.466666666667	429.696551724138	-0.292870368177128	-0.196661293666497	47.6747533154325	49.6435522982234	11
"39"	34	12.9819617777778	13.1047722254357	912.566666666667	1015.25172413793	-0.294059650425643	-0.201993783986056	32.6545430898502	34.0267216426388	11
"40"	38	12.9819617777778	13.1047722254357	912.566666666667	1015.25172413793	-0.232143547714424	-0.152706505749002	51.8839544164571	54.1266447863461	11
"41"	42	11.1528898064516	11.2622525220615	1285.4	1410.2724137931	-0.0949299745938647	-0.0838495093403224	37.0528080673706	37.3768462649567	11
"42"	46	11.1528898064516	11.2622525220615	1285.4	1410.2724137931	-0.0466507291784571	-0.0534515398225179	57.94232106466	58.4058434322626	11
"43"	50	15.8983789103943	14.9860416314423	354.966666666667	417.21724137931	-0.426005855888826	-0.325220433554497	26.9729495547804	29.3926467091403	11
"44"	54	15.8983789103943	14.9860416314423	354.966666666667	417.21724137931	-0.363163128368061	-0.254947094529657	44.6523739935145	48.2699416207308	11
"45"	58	14.3303189390681	13.4244822083797	783.7	962.693103448276	-0.377884255715441	-0.266002291872713	29.0877153194289	32.3321062154669	11
"46"	62	14.3303189390681	13.4244822083797	783.7	962.693103448276	-0.320078246152161	-0.206013128510481	47.3619929132447	51.7613469366061	11
"47"	66	12.4624984516129	11.5815473889507	1085.63333333333	1328.76206896552	-0.236287530472361	-0.107021991182546	31.9476015980109	36.4623619064615	11
"48"	70	12.4624984516129	11.5815473889507	1085.63333333333	1328.76206896552	-0.176715099391404	-0.0726724741312263	51.4837300771316	57.2223487723233	11
"49"	74	14.7668034121864	15.3960365294772	483.866666666667	444.806896551724	-0.254580550575748	-0.323019930622856	30.9505680947463	29.9743188944225	11
"50"	78	14.7668034121864	15.3960365294772	483.866666666667	444.806896551724	-0.180683737886243	-0.255585659625099	50.5117202454927	48.8304613047695	11
"51"	82	13.2371909390681	13.9045594527253	1121.7	1041.33793103448	-0.205058252617896	-0.261539498593461	32.8924981241896	32.6201345356635	11
"52"	86	13.2371909390681	13.9045594527253	1121.7	1041.33793103448	-0.127280834886299	-0.208702786926153	53.2863242474669	51.8540639095194	11
"53"	90	11.3808362867384	12.0826178776418	1531.53333333333	1434.76551724138	-0.127001098351495	-0.132121052479745	35.7915947298686	36.0462175805003	11
"54"	94	11.3808362867384	12.0826178776418	1531.53333333333	1434.76551724138	-0.0881892388475108	-0.0896241646974702	56.5597253528667	56.6581231144421	11
"55"	98	17.7867518709677	17.0351518665184	341.066666666667	467.175862068966	-0.521472024185475	-0.330745458167657	23.4198445742811	29.0253643127967	11
"56"	102	17.7867518709677	17.0351518665184	341.066666666667	467.175862068966	-0.421223997069596	-0.249280547993099	39.6267196214871	47.840282409781	11
"57"	106	16.3290668243728	15.6075777916203	875.5	1083.98620689655	-0.390387464358108	-0.291143336112173	28.1753884579944	31.3668293433769	11
"58"	110	16.3290668243728	15.6075777916203	875.5	1083.98620689655	-0.285237723131111	-0.212270689108044	46.6405517463984	50.6558689654202	11
"59"	114	14.5615342365591	13.819073592881	1173.36666666667	1448.6724137931	-0.263823569346666	-0.204698188473986	31.5851983862865	33.5363141702683	11
"60"	118	14.5615342365591	13.819073592881	1173.36666666667	1448.6724137931	-0.175595700553938	-0.140048789237877	51.108675315304	53.5374515154448	11
"61"	3	11.1516381935484	12.1084865361513	411.833333333333	380	-0.257333342698713	-0.309494958729638	31.2798598750839	29.5873334539513	11
"62"	7	11.1516381935484	12.1084865361513	411.833333333333	380	-0.188711736494885	-0.250435819848056	50.5642806986213	48.1882987534771	11
"63"	11	9.62495746236559	10.5261076826103	945.4	884.7	-0.15402722973218	-0.160430548563847	34.9249806821619	34.5763552471097	11
"64"	15	9.62495746236559	10.5261076826103	945.4	884.7	-0.07816217856459	-0.109189134830602	55.5323781029692	54.7658488108449	11
"65"	19	7.78151650179212	8.66970728216537	1291.66666666667	1225.8275862069	-0.0390910490245339	-0.0479463001807304	38.9572114894109	38.6520388186989	11
"66"	23	7.78151650179212	8.66970728216537	1291.66666666667	1225.8275862069	-0.0230662784185721	-0.0306555368766243	60.2339230885051	59.8585039272218	11
"67"	27	14.7555295340502	14.6793739532814	370.8	422.337931034483	-0.386979402501187	-0.297830372268609	28.6576515312263	30.03574695797	11
"68"	31	14.7555295340502	14.6793739532814	370.8	422.337931034483	-0.304889348491148	-0.222829150083594	47.3830282927577	49.4560457663532	11
"69"	35	13.2407854480287	13.1236031323693	803.533333333333	984.031034482759	-0.351400981451789	-0.237720410218573	31.5324666598369	33.3603564201273	11
"70"	39	13.2407854480287	13.1236031323693	803.533333333333	984.031034482759	-0.279663706585325	-0.181483236582652	50.7309410948361	53.2830914549673	11
"71"	43	11.4497123154122	11.2749389306637	1068.9	1367.58965517241	-0.199316258097426	-0.123508360252586	34.8038454796146	36.4713878328686	11
"72"	47	11.4497123154122	11.2749389306637	1068.9	1367.58965517241	-0.148783804902638	-0.087605277699622	55.0368572118943	57.235192862558	11
"73"	51	14.5269223082437	14.9057970871339	489.5	434.227586206897	-0.273717811736343	-0.306520527742826	31.1849677341725	30.1915052323517	11
"74"	55	14.5269223082437	14.9057970871339	489.5	434.227586206897	-0.206606785992166	-0.240638279555031	50.6996716521664	49.3403027900493	11
"75"	59	12.9685703369176	13.3664740808306	1104.23333333333	1015.2275862069	-0.273803809087227	-0.268778792342826	33.3811644195987	32.8822288051363	11
"76"	63	12.9685703369176	13.3664740808306	1104.23333333333	1015.2275862069	-0.207594401657572	-0.20807006588956	52.7681413400516	52.3069563207791	11
"77"	67	11.1304236129032	11.547125948832	1499.13333333333	1402.41724137931	-0.0364511189166217	-0.110199678094021	38.6013105598018	36.8558625433242	11
"78"	71	11.1304236129032	11.547125948832	1499.13333333333	1402.41724137931	-0.0222373579241243	-0.0728436669490311	59.9506433976272	57.5863653456261	11
"79"	75	15.0129467240143	15.4920873548387	474.066666666667	443.710344827586	-0.235060604285774	-0.332886755524816	32.5540179144243	29.7375836958773	11
"80"	79	15.0129467240143	15.4920873548387	474.066666666667	443.710344827586	-0.165035420237423	-0.269040571509421	52.3862286167209	48.2832734765168	11
"81"	83	13.4143555268817	14.0261737367445	1078.53333333333	1030.68620689655	-0.251245029944006	-0.265857122072578	33.5580096217294	32.5780296239949	11
"82"	87	13.4143555268817	14.0261737367445	1078.53333333333	1030.68620689655	-0.183656159325141	-0.210979308779672	53.0141894870974	51.5193804369273	11
"83"	91	11.5862162007168	12.2185454267705	1446	1424.16896551724	-0.196217092447205	-0.130227066745104	34.903177619537	35.8264126978133	11
"84"	95	11.5862162007168	12.2185454267705	1446	1424.16896551724	-0.123185733221607	-0.0885349472589369	55.1012079531287	56.4856051558553	11
"85"	99	17.4046081433692	17.3605261950315	409.466666666667	453.124137931034	-0.424638316640366	-0.388541730015499	27.61281104291	27.948640375328	11
"86"	103	17.4046081433692	17.3605261950315	409.466666666667	453.124137931034	-0.352789548303988	-0.303805557702552	45.0603927131199	46.194836811849	11
"87"	107	15.962100172043	15.9530576373749	1004.4	1069.35517241379	-0.310310151557958	-0.323597753115766	31.5168909770369	30.9660359118368	11
"88"	111	15.962100172043	15.9530576373749	1004.4	1069.35517241379	-0.237543672378537	-0.244845020114353	50.2750213887253	49.8642488946942	11
"89"	115	14.0769383369176	14.1524920103819	1367.1	1445.06896551724	-0.251153015028191	-0.240971605757456	33.6439018356739	33.3407150937624	11
"90"	119	14.0769383369176	14.1524920103819	1367.1	1445.06896551724	-0.183543956189068	-0.179642283757455	53.45465845785	53.0638944747099	11
"91"	4	11.3870902222222	11.9865569640341	345.233333333333	377.941379310345	-0.391874186695872	-0.301344232989084	27.2075780664842	29.5730333169554	11
"92"	8	11.3870902222222	11.9865569640341	345.233333333333	377.941379310345	-0.324234882694145	-0.238846651164208	44.9707869502953	48.1784326269955	11
"93"	12	9.87170891756272	10.4173198472377	789.033333333333	868.144827586207	-0.142508001798355	-0.158475140220926	33.894958173096	34.3382142711405	11
"94"	16	9.87170891756272	10.4173198472377	789.033333333333	868.144827586207	-0.0933213986677182	-0.10937304936085	54.1001218087489	54.4477973393358	11
"95"	20	8.05634156272401	8.5675686807564	1110.26666666667	1195.51034482759	-0.0439308056356251	-0.0579045743393776	38.4497390562152	38.4663435577812	11
"96"	24	8.05634156272401	8.5675686807564	1110.26666666667	1195.51034482759	-0.0315183821589712	-0.0370072429280193	59.5691509798518	59.5194236308329	11
"97"	28	15.0046273691756	14.4542327771598	427.566666666667	441.158620689655	-0.400948705210865	-0.286518675390129	27.8097829341635	30.2945863573515	11
"98"	32	15.0046273691756	14.4542327771598	427.566666666667	441.158620689655	-0.327485286909151	-0.218829646117184	46.162898592046	49.5882661225931	11
"99"	36	13.5502237132616	12.9275704249166	1007.6	1000.8724137931	-0.302278286156358	-0.222473121864915	32.2639275244004	33.3966460886687	11
"100"	40	13.5502237132616	12.9275704249166	1007.6	1000.8724137931	-0.241469374029262	-0.164346014624039	51.2513300361439	53.3006862338927	11
"101"	44	11.7288655340502	11.0869460719318	1438.9	1376.99655172414	-0.151466097671172	-0.0894712313313708	35.3563516812491	37.0991631351372	11
"102"	48	11.7288655340502	11.0869460719318	1438.9	1376.99655172414	-0.0919060709913563	-0.0562264598876703	56.0840081794791	58.1019607630451	11
"103"	52	15.9992191397849	15.0982437211717	380.066666666667	420.720689655172	-0.50185632483686	-0.311346641030051	26.3938714760614	29.4468444251578	11
"104"	56	15.9992191397849	15.0982437211717	380.066666666667	420.720689655172	-0.437333912687992	-0.242059756256991	43.1067524882655	48.256216277359	11
"105"	60	14.6704889462366	13.5826842195032	983.2	990.113793103448	-0.370120619112034	-0.22193031657587	30.300439859947	32.9718294315239	11
"106"	64	14.6704889462366	13.5826842195032	983.2	990.113793103448	-0.312164067230729	-0.164386763213346	47.9618457272483	52.5059615229636	11
"107"	68	12.952073734767	11.7610138820912	1355.83333333333	1370.58965517241	-0.0746850410877747	-0.0719999883793076	36.9377512164584	37.5502842574842	11
"108"	72	12.952073734767	11.7610138820912	1355.83333333333	1370.58965517241	-0.0481484298921529	-0.0506260946240285	58.009978368607	58.5507280552934	11
"109"	76	16.5220538924731	15.6633712050426	411.966666666667	440.975862068966	-0.396414223336631	-0.334962982376769	27.4721351225862	29.2158716701334	11
"110"	80	16.5220538924731	15.6633712050426	411.966666666667	440.975862068966	-0.324654443263386	-0.263193990739699	45.0883473269155	47.7630636687117	11
"111"	84	15.1309538781362	14.1856525339266	989.833333333333	1012.03448275862	-0.336632132386884	-0.285580466573601	30.9299955119708	32.0883728111697	11
"112"	88	15.1309538781362	14.1856525339266	989.833333333333	1012.03448275862	-0.279055528904055	-0.220032536545634	48.8931729424476	51.0799761986925	11
"113"	92	13.3685945376344	12.3794345969596	1370.8	1395.96896551724	-0.180308865907455	-0.136564050547529	33.9948850520289	35.6932320131704	11
"114"	96	13.3685945376344	12.3794345969596	1370.8	1395.96896551724	-0.12242813999319	-0.0919028391070107	54.2462481731056	56.2337669409702	11
"115"	100	18.8074967741935	17.7714794423433	464.966666666667	450.137931034483	-0.49359619366947	-0.412055457890662	26.4001892117052	27.1852928671581	11
"116"	104	18.8074967741935	17.7714794423433	464.966666666667	450.137931034483	-0.416622398456487	-0.325066213591989	43.899953764386	45.2288115641832	11
"117"	108	17.4093381362007	16.3651313251761	1126.16666666667	1079.59655172414	-0.442531223926615	-0.367124361575423	29.1438379512498	29.8571547978408	11
"118"	112	17.4093381362007	16.3651313251761	1126.16666666667	1079.59655172414	-0.36417511483969	-0.288605738808632	47.1269581048323	48.4673242910101	11
"119"	116	15.6140143369176	14.5803545153875	1532.16666666667	1462.8	-0.354613617270075	-0.282544798674359	30.8319858017979	32.2272479097051	11
"120"	120	15.6140143369176	14.5803545153875	1532.16666666667	1462.8	-0.271836208207786	-0.214947917492436	49.6224707533214	51.5596713729553	11
