"rid"	"temp.short"	"temp.long"	"prec.short"	"prec.long"	"potential.short"	"potential.long"	"content.short"	"content.long"	"replicate"
"1"	1	11.638098078853	11.8835284315907	393	387.193103448276	-0.123261356631323	-0.236937873984751	34.58092355395	30.9312501351879	9
"2"	5	11.638098078853	11.8835284315907	393	387.193103448276	-0.0794273763599063	-0.178588877078024	55.1839021360942	50.1606602395524	9
"3"	9	10.0891122293907	10.3396055780497	805.366666666667	875.913793103448	-0.10746173024344	-0.136761669441877	36.0342154784601	35.1006060883285	9
"4"	13	10.0891122293907	10.3396055780497	805.366666666667	875.913793103448	-0.0610135578246113	-0.0935235869419478	56.7559582844652	55.6429715129348	9
"5"	17	8.25116686738351	8.48889864590286	1143.03333333333	1209.71724137931	-0.0532486193115256	-0.0673090338434044	38.2770146321268	38.3819980681559	9
"6"	21	8.25116686738351	8.48889864590286	1143.03333333333	1209.71724137931	-0.0286423316778195	-0.0418540676793383	59.3567273983908	59.4216646568903	9
"7"	25	13.213511311828	14.125005352614	398.966666666667	413.779310344828	-0.0986532693796993	-0.269715484649324	32.5895623560534	30.1334874401907	9
"8"	29	13.213511311828	14.125005352614	398.966666666667	413.779310344828	-0.0477161904188545	-0.208020583988121	53.267760311311	49.3571293693083	9
"9"	33	11.57080609319	12.5666098168335	910.133333333333	961.075862068966	-0.0713573186262296	-0.210226423172042	35.6203883441212	33.4744783048285	9
"10"	37	11.57080609319	12.5666098168335	910.133333333333	961.075862068966	-0.0350250171104768	-0.157706839292068	56.8302924875569	53.3730695670005	9
"11"	41	9.79919780645161	10.743806453096	1194.3	1326.40689655172	-0.0181459860342785	-0.0882825444956166	39.6766538821095	37.4981753701421	9
"12"	45	9.79919780645161	10.743806453096	1194.3	1326.40689655172	-0.017047654229975	-0.0656296882720707	61.0362796707851	58.433928267974	9
"13"	49	15.2072961146953	14.937879483871	421.7	426.78275862069	-0.26645880046074	-0.313129663060114	30.7253203904132	29.5441401616506	9
"14"	53	15.2072961146953	14.937879483871	421.7	426.78275862069	-0.180780642635031	-0.241746108289467	50.29246850937	48.4973971311727	9
"15"	57	13.7091632688172	13.3982999851687	897.466666666667	994.486206896552	-0.200198964020752	-0.27724360847555	33.2014567455779	32.0776180971399	9
"16"	61	13.7091632688172	13.3982999851687	897.466666666667	994.486206896552	-0.14988377548811	-0.21160329022246	52.5775174754249	51.2950795101266	9
"17"	65	11.8553722293907	11.5619573244346	1241.3	1365.99655172414	-0.0437511043536076	-0.107222428692519	37.8794856677863	36.6036659129836	9
"18"	69	11.8553722293907	11.5619573244346	1241.3	1365.99655172414	-0.0263715103068122	-0.073427338849486	58.9920752685687	57.3309294799675	9
"19"	73	14.8568595985663	15.0582272955135	384.133333333333	460.503448275862	-0.537479091238857	-0.295938536904821	25.6204857734975	29.9419692936976	9
"20"	77	14.8568595985663	15.0582272955135	384.133333333333	460.503448275862	-0.444784266243636	-0.226183098778031	42.5923946791521	49.1455600089706	9
"21"	81	13.4908272688172	13.5874835520949	1046.43333333333	1079.80689655172	-0.218576293369451	-0.25281425492491	32.3536763425134	32.5332888409828	9
"22"	85	13.4908272688172	13.5874835520949	1046.43333333333	1079.80689655172	-0.137936408334653	-0.182987295899622	51.8427366046244	52.0370526310791	9
"23"	89	11.7075562724014	11.7727005057471	1503.16666666667	1486.93448275862	-0.0185510054745951	-0.128084593661888	39.6673835364913	36.3012590676073	9
"24"	93	11.7075562724014	11.7727005057471	1503.16666666667	1486.93448275862	-0.0171429249538468	-0.0871513243177275	61.0270093251669	56.9208284112775	9
"25"	97	17.4631459354839	17.4900405294772	405.233333333333	430.744827586207	-0.404980552487409	-0.377979125545231	27.6180600830209	28.5174371088305	9
"26"	101	17.4631459354839	17.4900405294772	405.233333333333	430.744827586207	-0.346312145032867	-0.296937458509606	45.0567059117223	47.0180370224142	9
"27"	105	15.8892882580645	16.0355490129774	1066.03333333333	1041.32413793103	-0.392724939373102	-0.323989522135165	29.7163276984225	31.1059376654104	9
"28"	109	15.8892882580645	16.0355490129774	1066.03333333333	1041.32413793103	-0.303288304975079	-0.246200980383505	48.1462015966924	50.2618003202311	9
"29"	113	14.053850609319	14.2207084004449	1435.06666666667	1400.52068965517	-0.158032924094567	-0.21690141480922	34.8236121953053	33.2912601015451	9
"30"	117	14.053850609319	14.2207084004449	1435.06666666667	1400.52068965517	-0.114782854391663	-0.159720770225825	55.216122277094	53.2174222388071	9
"31"	2	11.951066609319	11.7488114868372	353.4	377.434482758621	-0.269451102976957	-0.245092021505275	30.9046753780065	30.8053882877013	9
"32"	6	11.951066609319	11.7488114868372	353.4	377.434482758621	-0.230155449991182	-0.184947503577692	49.8951872879511	50.0890515104056	9
"33"	10	10.4728680716846	10.2158128320356	814.9	861.331034482759	-0.190881737523833	-0.142719608891323	33.9556446038638	34.9905365853288	9
"34"	14	10.4728680716846	10.2158128320356	814.9	861.331034482759	-0.143717269362733	-0.0964143821844222	54.1130738840889	55.4737566014341	9
"35"	18	8.59346600716846	8.36096042565814	1125.16666666667	1193.16206896552	-0.126682228388446	-0.0726287250077736	36.7840056813289	38.211098054338	9
"36"	22	8.59346600716846	8.36096042565814	1125.16666666667	1193.16206896552	-0.0751525095179445	-0.0457888047930115	57.5430924522003	59.218184401772	9
"37"	26	14.1090702222222	14.2429060674824	367.433333333333	415.679310344828	-0.363725322895678	-0.289209379598795	29.5570867824943	29.7075352459698	9
"38"	30	14.1090702222222	14.2429060674824	367.433333333333	415.679310344828	-0.311116348222747	-0.223342621269397	47.9119344619764	48.7563360568106	9
"39"	34	12.5860228960573	12.6987979547646	930.633333333333	950.206896551724	-0.300846725442357	-0.211383159184046	32.2416822481615	33.3865335884455	9
"40"	38	12.5860228960573	12.6987979547646	930.633333333333	950.206896551724	-0.239279239771177	-0.157914002774404	51.4083227185948	53.336159083581	9
"41"	42	10.8129480716846	10.8718251642566	1314.3	1308.81724137931	-0.0496034844971627	-0.0864911043075848	38.3837658598432	37.3646395299216	9
"42"	46	10.8129480716846	10.8718251642566	1314.3	1308.81724137931	-0.0278324768091624	-0.062972231414259	59.6402870278361	58.3162066842247	9
"43"	50	14.8998685448029	15.0567556410827	432.766666666667	407.841379310345	-0.312186945401685	-0.339099554539553	28.9506426081526	28.6508429492038	9
"44"	54	14.8998685448029	15.0567556410827	432.766666666667	407.841379310345	-0.233012299379499	-0.265738203814601	48.0393941072679	47.2516777317414	9
"45"	58	13.2700327455197	13.5690112347052	944.7	967.148275862069	-0.244282761372445	-0.260573590496205	32.3168468117572	32.1677222315676	9
"46"	62	13.2700327455197	13.5690112347052	944.7	967.148275862069	-0.183889761349199	-0.192500543271757	51.7032214046007	51.4139663121266	9
"47"	66	11.4162503225806	11.7497267927327	1298.6	1327.8	-0.0626399054593082	-0.107664703910696	36.6255703383255	36.2306190149275	9
"48"	70	11.4162503225806	11.7497267927327	1298.6	1327.8	-0.0332114350866819	-0.0703973055740195	57.6494579443532	56.966710191992	9
"49"	74	14.8261847885305	15.5070898702262	432.733333333333	450.479310344828	-0.281784731170566	-0.328878972489451	30.0376548016248	29.4643417228275	9
"50"	78	14.8261847885305	15.5070898702262	432.733333333333	450.479310344828	-0.20441060035553	-0.260086035045045	49.757685488143	48.2340544833325	9
"51"	82	13.3232375197133	14.0582459547646	1029.33333333333	1067.30689655172	-0.242169633736785	-0.310162137875344	32.8571835465142	31.7702806732909	9
"52"	86	13.3232375197133	14.0582459547646	1029.33333333333	1067.30689655172	-0.16819784369663	-0.242655568495091	52.8271153778802	50.7065818780888	9
"53"	90	11.4784353548387	12.2552754141639	1422.36666666667	1469.70689655172	-0.121345933419213	-0.171842009713892	36.4722747834509	35.2445410539563	9
"54"	94	11.4784353548387	12.2552754141639	1422.36666666667	1469.70689655172	-0.0856940929706933	-0.121091137869224	57.239373212165	55.4503217871307	9
"55"	98	18.4172373476703	17.6991614371524	448.666666666667	451.724137931034	-0.384663895058259	-0.36836542332664	27.0480770292454	28.9290609214791	9
"56"	102	18.4172373476703	17.6991614371524	448.666666666667	451.724137931034	-0.270140487008496	-0.288094101609	45.5795643140925	47.5852739654519	9
"57"	106	16.8682117849462	16.2629505643307	1091.63333333333	1088.73103448276	-0.348638670758519	-0.329431019063303	30.2074171910076	31.0533453241884	9
"58"	110	16.8682117849462	16.2629505643307	1091.63333333333	1088.73103448276	-0.242576138437876	-0.251094813108574	49.5358945256996	50.2195117609782	9
"59"	114	15.0479574193548	14.4497051405265	1487.83333333333	1464.39655172414	-0.197930929275872	-0.240121764366335	32.8263675308499	32.9508470991584	9
"60"	118	15.0479574193548	14.4497051405265	1487.83333333333	1464.39655172414	-0.13759364103142	-0.177318116150067	53.0744755993032	52.7360529064598	9
"61"	3	11.6361875698925	11.5681550804598	353.966666666667	393.162068965517	-0.239430143494364	-0.214268159405538	31.1585272996108	31.4287028333667	9
"62"	7	11.6361875698925	11.5681550804598	353.966666666667	393.162068965517	-0.197328884760497	-0.160300433115235	49.9928311670404	50.8129552325345	9
"63"	11	10.1044851039427	10.0222191916945	751.333333333333	891.572413793103	-0.137734831227316	-0.111685720975052	34.9037846403587	35.5698612672258	9
"64"	15	10.1044851039427	10.0222191916945	751.333333333333	891.572413793103	-0.0989839860406707	-0.0656647142476616	55.1001642368209	56.311421509673	9
"65"	19	8.2863695483871	8.17230107675195	1054.13333333333	1230.43103448276	-0.0521462067720906	-0.0351195147293315	38.681705322198	39.1447093761421	9
"66"	23	8.2863695483871	8.17230107675195	1054.13333333333	1230.43103448276	-0.0355409690139233	-0.0255594009068002	59.8901810209844	60.3325652257804	9
"67"	27	13.9341409318996	13.9080501104931	425.066666666667	433.103448275862	-0.174814591144167	-0.221592075430555	32.0642335298107	31.4337943962907	9
"68"	31	13.9341409318996	13.9080501104931	425.066666666667	433.103448275862	-0.114741854796522	-0.153849754285727	52.2954270747503	51.2886329630401	9
"69"	35	12.4001273548387	12.3915065420838	935.2	968.765517241379	-0.174080003390416	-0.19411557369957	34.2960432265523	34.0030213952769	9
"70"	39	12.4001273548387	12.3915065420838	935.2	968.765517241379	-0.123313758968665	-0.132586082633404	54.6925177278895	54.317553104162	9
"71"	43	10.6199065663082	10.5711990122358	1288.93333333333	1331.41034482759	-0.119769946081536	-0.0911898797717871	37.5155352768637	37.5221461440403	9
"72"	47	10.6199065663082	10.5711990122358	1288.93333333333	1331.41034482759	-0.0975112438196472	-0.0658866421627338	58.1735073145449	58.4391516582945	9
"73"	51	15.555258078853	15.0253511679644	425.5	412.296551724138	-0.321484834692335	-0.330976354876187	29.4461167788133	29.0124287690775	9
"74"	55	15.555258078853	15.0253511679644	425.5	412.296551724138	-0.238618608465025	-0.25945208110747	48.3257286008996	47.8879399700472	9
"75"	59	14.1265825089606	13.538300562106	989.833333333333	967.5	-0.272813052911896	-0.275016272135404	32.1321096765804	32.1641152853467	9
"76"	63	14.1265825089606	13.538300562106	989.833333333333	967.5	-0.212924160848281	-0.214120506451661	51.0516183171333	51.4208275894996	9
"77"	67	12.3480921863799	11.7233304486466	1374.63333333333	1333.83103448276	-0.0671123733827673	-0.104121858779325	36.7657324317893	36.4635025998778	9
"78"	71	12.3480921863799	11.7233304486466	1374.63333333333	1333.83103448276	-0.0324660688644723	-0.0685721672692262	57.86369892906	57.1982311777098	9
"79"	75	14.8908748817204	15.0429223344457	401.933333333333	437.758620689655	-0.419433126164224	-0.339240665147778	27.5572097648812	29.2252524321115	9
"80"	79	14.8908748817204	15.0429223344457	401.933333333333	437.758620689655	-0.339033624465072	-0.266969114677962	45.0838350196311	47.8531280595416	9
"81"	83	13.4835538494624	13.5692433652206	1043.1	1043.1275862069	-0.256163736310046	-0.263325473600178	32.0343995379521	32.4643877600051	9
"82"	87	13.4835538494624	13.5692433652206	1043.1	1043.1275862069	-0.185003465862351	-0.197676467110227	51.1581596574399	51.7688333648756	9
"83"	91	11.6824225376344	11.7648813600297	1457.53333333333	1438.20689655172	-0.0379143722677771	-0.115388841510384	38.7464881352613	36.4855368294745	9
"84"	95	11.6824225376344	11.7648813600297	1457.53333333333	1438.20689655172	-0.022226910350347	-0.0724542999098096	60.0816619932953	57.3165323466262	9
"85"	99	18.6167138924731	17.5960792880979	416.466666666667	436.596551724138	-0.501398136862255	-0.393354373155312	26.470839329407	27.8458820221055	9
"86"	103	18.6167138924731	17.5960792880979	416.466666666667	436.596551724138	-0.434251208878243	-0.308589256022662	43.763029124418	46.0922097614747	9
"87"	107	17.1378714265233	16.1368621149425	1047.9	1044.71724137931	-0.487524778863966	-0.348091248002169	28.385064124183	30.6454187463078	9
"88"	111	17.1378714265233	16.1368621149425	1047.9	1044.71724137931	-0.397972670240162	-0.266534491005919	46.2557846267491	49.5515219583671	9
"89"	115	15.3445018637993	14.3359925116796	1416.76666666667	1390.16896551724	-0.33049948275839	-0.261079378266383	31.1981113301659	32.517477828931	9
"90"	119	15.3445018637993	14.3359925116796	1416.76666666667	1390.16896551724	-0.27989673548893	-0.194983587209142	49.9819680003462	52.0398997499761	9
"91"	4	10.9991627956989	11.7237836054876	387.866666666667	398.593103448276	-0.180025704604139	-0.22417504589456	31.6376984815317	31.1274885185211	9
"92"	8	10.9991627956989	11.7237836054876	387.866666666667	398.593103448276	-0.0989022463547365	-0.162957375832245	52.1608325267695	50.7039337979478	9
"93"	12	9.56253528315412	10.1858106518354	850.066666666667	874.196551724138	-0.14419070110911	-0.154122005727163	34.834027019532	34.4513028606907	9
"94"	16	9.56253528315412	10.1858106518354	850.066666666667	874.196551724138	-0.0861966232439858	-0.102280753866333	55.5359077250147	54.8243434634075	9
"95"	20	7.72623260215054	8.32853676529477	1155.23333333333	1198.68965517241	-0.0489125303561846	-0.0521186105339166	38.3394454896961	38.5272853503234	9
"96"	24	7.72623260215054	8.32853676529477	1155.23333333333	1198.68965517241	-0.0316057730124241	-0.0359187950034657	59.2573340412835	59.5859103126163	9
"97"	28	14.9365654050179	14.7122934505006	494.6	453.710344827586	-0.238580547435595	-0.260751178432911	30.2543604503217	30.0787751347828	9
"98"	32	14.9365654050179	14.7122934505006	494.6	453.710344827586	-0.153872356150845	-0.192558515641183	49.9732518397928	49.5681395546206	9
"99"	36	13.3534737060932	13.1179036989247	1112.66666666667	1058.08965517241	-0.190621461714235	-0.18512856166199	33.7631721745178	33.8691821774312	9
"100"	40	13.3534737060932	13.1179036989247	1112.66666666667	1058.08965517241	-0.118893812082662	-0.130357942028446	53.9193789868618	54.0152625369467	9
"101"	44	11.4977846594982	11.2799802580645	1549.16666666667	1453.19310344828	-0.0983350699754008	-0.0643747747124822	36.3103138228213	37.9361107835631	9
"102"	48	11.4977846594982	11.2799802580645	1549.16666666667	1453.19310344828	-0.045115903775475	-0.043652591156076	57.4611134065712	59.1007885471569	9
"103"	52	14.3046973046595	15.1253416922506	423.466666666667	413.18275862069	-0.127094328309452	-0.2918589119008	31.3660627257761	29.469481417473	9
"104"	56	14.3046973046595	15.1253416922506	423.466666666667	413.18275862069	-0.0546681008696532	-0.210668194563346	52.5199991981932	48.6103186463958	9
"105"	60	12.8728573046595	13.5994695216908	929.466666666667	947.603448275862	-0.116938118637737	-0.253421536648937	34.9599813402227	32.2841205472009	9
"106"	64	12.8728573046595	13.5994695216908	929.466666666667	947.603448275862	-0.0531349588318578	-0.190496663981688	56.0818655251504	51.6150208054911	9
"107"	68	11.0282677992832	11.7620524034112	1256.86666666667	1302.30344827586	-0.0487305123970433	-0.103427868990596	37.213752774148	36.7580959423168	9
"108"	72	11.0282677992832	11.7620524034112	1256.86666666667	1302.30344827586	-0.0270626588769995	-0.06686646523184	58.5694237134445	57.5473418832751	9
"109"	76	15.5502811039427	15.2117086985539	439.1	456.055172413793	-0.43596243161818	-0.370895928194149	27.030774739143	28.6915833554239	9
"110"	80	15.5502811039427	15.2117086985539	439.1	456.055172413793	-0.350554476859556	-0.296317209809908	45.1442902512074	47.2036698028124	9
"111"	84	14.0807602007168	13.7328736536893	1048.2	1088.92068965517	-0.369067671589713	-0.288512971278483	30.8374888632374	32.0605802211101	9
"112"	88	14.0807602007168	13.7328736536893	1048.2	1088.92068965517	-0.290886300848751	-0.223129398863106	49.5000568677436	51.2511122374446	9
"113"	92	12.2732441863799	11.8970865687801	1423.63333333333	1501.54137931034	-0.191726659886736	-0.125237875708112	35.0628934860138	36.4452132194501	9
"114"	96	12.2732441863799	11.8970865687801	1423.63333333333	1501.54137931034	-0.124931373522617	-0.0835559095342685	55.321443326288	57.0074640553685	9
"115"	100	17.5302149964158	17.5929541816834	505.4	463.320689655172	-0.217167602343965	-0.323964740571425	31.2168707538629	28.6923736767688	9
"116"	104	17.5302149964158	17.5929541816834	505.4	463.320689655172	-0.17126731307467	-0.233820944255981	50.8197199148741	47.7154195651151	9
"117"	108	15.9793718422939	16.143192366333	1169.23333333333	1098.15172413793	-0.252501198271509	-0.274516539733286	32.0921705631853	31.3886933407585	9
"118"	112	15.9793718422939	16.143192366333	1169.23333333333	1098.15172413793	-0.18414680820801	-0.198566001688855	51.7536725766151	51.0214478263016	9
"119"	116	14.1142779354839	14.3296463922877	1505.93333333333	1466.80344827586	-0.188989330893391	-0.206178011336591	33.3006799550807	33.1322836482803	9
"120"	120	14.1142779354839	14.3296463922877	1505.93333333333	1466.80344827586	-0.126536052966761	-0.143696898552967	53.3750494197709	53.1097780617265	9
