"rid"	"temp.short"	"temp.long"	"prec.short"	"prec.long"	"potential.short"	"potential.long"	"content.short"	"content.long"	"replicate"
"1"	1	12.693311311828	12.3161654593993	417.533333333333	393.906896551724	-0.062008715181203	-0.207657707236137	34.1730029678606	31.4308059405019	13
"2"	5	12.693311311828	12.3161654593993	417.533333333333	393.906896551724	-0.0339259076625928	-0.158090253246193	55.4842825819353	51.0620025806553	13
"3"	9	11.1288729318996	10.7516632183908	917.8	890.113793103448	-0.104745769733357	-0.140658044495773	34.6518029999063	34.7452555811837	13
"4"	13	11.1288729318996	10.7516632183908	917.8	890.113793103448	-0.0446150129625483	-0.0835321049595689	55.8632127570482	55.1899709969532	13
"5"	17	9.29677827956989	8.91405034779384	1227.16666666667	1228.66206896552	-0.0261268419779374	-0.0425329947736766	38.471436297572	38.5848174348607	13
"6"	21	9.29677827956989	8.91405034779384	1227.16666666667	1228.66206896552	-0.0207120335023295	-0.0294238075105556	59.8302968742038	59.7287040843963	13
"7"	25	13.7533339784946	14.3150396633296	440.033333333333	414.368965517241	-0.140805847507581	-0.243330997665489	32.7416657656647	30.7216097509931	13
"8"	29	13.7533339784946	14.3150396633296	440.033333333333	414.368965517241	-0.0748301379711533	-0.170490337154545	53.1199578975398	50.4804009704256	13
"9"	33	12.2015672114695	12.781248344086	1042.2	979.21724137931	-0.117540594394674	-0.202032921582218	35.4429532680942	34.0645704449667	13
"10"	37	12.2015672114695	12.781248344086	1042.2	979.21724137931	-0.0714687449149997	-0.150858917345029	56.123220659306	54.2190006424883	13
"11"	41	10.4186247741935	10.9714581594364	1415	1350.67586206897	-0.0233619510128014	-0.0997743938294569	39.5922144052257	37.4131973051976	13
"12"	45	10.4186247741935	10.9714581594364	1415	1350.67586206897	-0.018714720368129	-0.0720165918257389	60.8695942991179	58.2591459083485	13
"13"	49	15.8390466523297	15.1821379280682	361.733333333333	401.903448275862	-0.499049138001171	-0.384223247657529	24.5895923644275	28.2654568839703	13
"14"	53	15.8390466523297	15.1821379280682	361.733333333333	401.903448275862	-0.410685482287891	-0.308020648061411	41.4353335391207	46.5747313428543	13
"15"	57	14.4183755125448	13.6838201201335	875.433333333333	936.048275862069	-0.307541748421079	-0.289291947232741	30.5645106566405	31.7807529409304	13
"16"	61	14.4183755125448	13.6838201201335	875.433333333333	936.048275862069	-0.243712839698096	-0.230854576711931	49.4787805055122	50.9329231330974	13
"17"	65	12.6497558566308	11.8707795802744	1231.6	1291.4275862069	-0.0625793691537384	-0.11057790628896	37.0184857285198	36.1621130284678	13
"18"	69	12.6497558566308	11.8707795802744	1231.6	1291.4275862069	-0.0326728720863572	-0.0695916291683683	58.2020919645754	56.9404749483434	13
"19"	73	15.3749747096774	15.3641079169448	428.233333333333	422.448275862069	-0.28950374843843	-0.355567512212659	29.8015193525703	28.9895577441157	13
"20"	77	15.3749747096774	15.3641079169448	428.233333333333	422.448275862069	-0.198308506034625	-0.284596198769559	49.4775050404616	47.2668767142221	13
"21"	81	13.8632390107527	13.8845958769003	974.633333333333	1008.2275862069	-0.223477745353138	-0.240030678519057	33.3611831408819	32.8206396444104	13
"22"	85	13.8632390107527	13.8845958769003	974.633333333333	1008.2275862069	-0.168337605754435	-0.18589667484542	53.4545913060121	52.0877938873662	13
"23"	89	12.059717562724	12.0807163737486	1338.06666666667	1396.88620689655	-0.138437728731071	-0.114609849286861	35.7765615730359	36.6157583874069	13
"24"	93	12.059717562724	12.0807163737486	1338.06666666667	1396.88620689655	-0.0940900535012899	-0.0794493570332717	56.4992540241742	57.3677915353177	13
"25"	97	16.661840874552	16.7787653704116	528.9	475.537931034483	-0.30471411014308	-0.333444522709955	30.1773493099194	28.797315578531	13
"26"	101	16.661840874552	16.7787653704116	528.9	475.537931034483	-0.222228756234626	-0.25635691183572	49.2295178874592	47.4512115859573	13
"27"	105	15.2857295197133	15.3447792243233	1234.1	1099.86206896552	-0.316760358702997	-0.293448012537997	31.4642877406487	31.1766246407742	13
"28"	109	15.2857295197133	15.3447792243233	1234.1	1099.86206896552	-0.235370193839402	-0.212879897424439	50.5573346843674	50.3255682889756	13
"29"	113	13.5267846451613	13.5572595179829	1626.03333333333	1466.86206896552	-0.222439035059464	-0.17920272395796	33.6770159992495	34.2746003416318	13
"30"	117	13.5267846451613	13.5572595179829	1626.03333333333	1466.86206896552	-0.156979439176867	-0.118193379683871	53.4005113383345	54.5169960400912	13
"31"	2	12.5006966308244	12.3796149543938	355.533333333333	396.441379310345	-0.400402244027268	-0.230933375630403	27.5813293386646	31.0345954851164	13
"32"	6	12.5006966308244	12.3796149543938	355.533333333333	396.441379310345	-0.33270362087154	-0.178212437569741	45.3012765736456	50.4041935711641	13
"33"	10	10.9213781075269	10.8172893051539	866.6	914.037931034483	-0.219184847110192	-0.162066776262771	33.5367670491516	34.5698832920602	13
"34"	14	10.9213781075269	10.8172893051539	866.6	914.037931034483	-0.156136113282513	-0.107982874273688	52.9855605976653	54.7704949782353	13
"35"	18	9.08259415053763	8.9734466681498	1226.16666666667	1260.36551724138	-0.0494971150996534	-0.0541092063197584	38.184838088794	38.5934952234315	13
"36"	22	9.08259415053763	8.9734466681498	1226.16666666667	1260.36551724138	-0.0334188884146231	-0.037148308325603	59.0976818692041	59.6768367797133	13
"37"	26	14.29461390681	14.459722429366	426.433333333333	416.706896551724	-0.222710979587938	-0.263243932957227	30.1287311814982	30.2487645861282	13
"38"	30	14.29461390681	14.459722429366	426.433333333333	416.706896551724	-0.132673140420007	-0.187397214832356	50.258918349574	49.6248010748242	13
"39"	34	12.7617587670251	12.9024166466444	1012.86666666667	976.337931034483	-0.116084082918498	-0.200567632348798	35.0222940555181	33.8851714516219	13
"40"	38	12.7617587670251	12.9024166466444	1012.86666666667	976.337931034483	-0.0837570619835981	-0.144504938807703	55.8646594742092	54.0657886795534	13
"41"	42	10.9342342795699	11.0668469054505	1397.2	1350.41034482759	-0.0199570457048434	-0.101971425883948	39.2904242062339	37.159211161541	13
"42"	46	10.9342342795699	11.0668469054505	1397.2	1350.41034482759	-0.0179744637265482	-0.0733886468774079	60.6500499949096	57.9897066276571	13
"43"	50	14.7526273978495	14.9600865880608	398.166666666667	412.755172413793	-0.29382871862984	-0.329445421060541	30.2800353033609	29.2849245516412	13
"44"	54	14.7526273978495	14.9600865880608	398.166666666667	412.755172413793	-0.229454745736468	-0.26058090001789	49.2711141803701	47.9519860844523	13
"45"	58	13.2617928458781	13.4223221698183	849.166666666667	959.137931034483	-0.253059665641021	-0.265746184962119	31.4263330844893	32.3129310852823	13
"46"	62	13.2617928458781	13.4223221698183	849.166666666667	959.137931034483	-0.199074569958316	-0.206736001167155	50.5223955972027	51.7058253750371	13
"47"	66	11.4132734193548	11.6007048913608	1150.83333333333	1322.89310344828	-0.139215587479241	-0.110619284285821	34.5106933428173	36.4911382279328	13
"48"	70	11.4132734193548	11.6007048913608	1150.83333333333	1322.89310344828	-0.0847261591755995	-0.072287375327539	55.0014212052245	57.2697284132015	13
"49"	74	15.1276357706093	15.2947883811643	372.566666666667	437.38275862069	-0.4532284375661	-0.349811956833751	27.8676629369983	29.5978317865308	13
"50"	78	15.1276357706093	15.2947883811643	372.566666666667	437.38275862069	-0.385824933167358	-0.279660253609407	45.3472040401581	48.2173166217922	13
"51"	82	13.6665191971326	13.7872623181313	973.466666666667	1034.25862068966	-0.258113944706252	-0.258273635297841	32.3597011932282	32.9122053858372	13
"52"	86	13.6665191971326	13.7872623181313	973.466666666667	1034.25862068966	-0.182171257163322	-0.200384004774695	51.8697939972729	52.32549565495	13
"53"	90	11.864894781362	11.9670144323322	1353.53333333333	1426.33103448276	-0.130756341257948	-0.128861372873744	37.327043741135	36.4535412632875	13
"54"	94	11.864894781362	11.9670144323322	1353.53333333333	1426.33103448276	-0.109790968316429	-0.0896855459818409	57.8640771889974	57.0988892671153	13
"55"	98	15.7297378924731	17.029581936967	447.7	468.668965517241	-0.291232907801091	-0.335420712668346	29.6696672701472	28.5926897531608	13
"56"	102	15.7297378924731	17.029581936967	447.7	468.668965517241	-0.25337641388206	-0.248755390472808	48.0274586242261	47.3587955313248	13
"57"	106	14.1634766021505	15.5966089521691	1028.23333333333	1081.76896551724	-0.244484324574371	-0.279921749846237	32.3335509754659	31.3510979047332	13
"58"	110	14.1634766021505	15.5966089521691	1028.23333333333	1081.76896551724	-0.181870572723756	-0.203777003296876	51.7860386221634	50.6837979236615	13
"59"	114	12.3466282437276	13.8098007030033	1374.7	1452.44137931034	-0.0676289718903651	-0.184251132569496	37.2541884394069	34.0143378783203	13
"60"	118	12.3466282437276	13.8098007030033	1374.7	1452.44137931034	-0.0318278464234973	-0.13168525487498	58.5489411975433	54.1424662749895	13
"61"	3	12.9294851612903	12.0953664664442	404.066666666667	384.224137931034	-0.0650467665726767	-0.237075946567503	33.8545220929642	30.62208594281	13
"62"	7	12.9294851612903	12.0953664664442	404.066666666667	384.224137931034	-0.0350492820845071	-0.181699124664654	55.1661608584814	49.77521346085	13
"63"	11	11.4125773620072	10.5256768542825	908.866666666667	869.751724137931	-0.0558860896337908	-0.142444200218348	36.3347659961767	34.5792249838077	13
"64"	15	11.4125773620072	10.5256768542825	908.866666666667	869.751724137931	-0.0298166859154536	-0.0927998849271624	57.6450546348713	54.8222310846517	13
"65"	19	9.55995059498208	8.66801705895439	1227.26666666667	1186.7	-0.022933215511776	-0.0437646997711952	39.2010368591057	38.9028312346408	13
"66"	23	9.55995059498208	8.66801705895439	1227.26666666667	1186.7	-0.0189974956034669	-0.029437983288904	60.5523097294638	60.0925127775802	13
"67"	27	14.7603292616487	14.4216862246941	398.7	442.313793103448	-0.255194185805167	-0.249273864477514	30.4726961774536	30.8011917293941	13
"68"	31	14.7603292616487	14.4216862246941	398.7	442.313793103448	-0.180839318733125	-0.184090181227645	50.184512771744	50.4452738015968	13
"69"	35	13.3090612473118	12.8792669380793	957.733333333333	999.579310344828	-0.237073493682648	-0.197887773146763	33.0836445906612	33.8147532547158	13
"70"	39	13.3090612473118	12.8792669380793	957.733333333333	999.579310344828	-0.183160586776535	-0.140856124539779	53.0839497017949	53.9817111557419	13
"71"	43	11.5510199426523	11.0398604775677	1309.16666666667	1372.98965517241	-0.200533893449391	-0.0910440553870629	35.2887173372944	37.2748630736807	13
"72"	47	11.5510199426523	11.0398604775677	1309.16666666667	1372.98965517241	-0.154005686741697	-0.0671748314462834	55.3569223562066	58.221368988311	13
"73"	51	15.4640603010753	15.1032554660734	391.633333333333	423.075862068966	-0.459941927042946	-0.326952282110425	26.2564573253438	29.1214165891783	13
"74"	55	15.4640603010753	15.1032554660734	391.633333333333	423.075862068966	-0.387724189469566	-0.256623223136605	43.3913714361685	47.8352577838385	13
"75"	59	13.9977589677419	13.5684474215795	971.333333333333	993.658620689655	-0.28801925028988	-0.258471086564938	31.5691867925779	32.4441995337562	13
"76"	63	13.9977589677419	13.5684474215795	971.333333333333	993.658620689655	-0.2313823514438	-0.198577517065346	50.8644157370785	51.7573354478733	13
"77"	67	12.2242059498208	11.7371350849092	1355.46666666667	1375.27586206897	-0.0713076653915216	-0.0852337149396742	37.132103224656	37.1281280419219	13
"78"	71	12.2242059498208	11.7371350849092	1355.46666666667	1375.27586206897	-0.034394641773069	-0.0530856420980048	58.269471693076	58.0568718200805	13
"79"	75	15.4563795268817	15.3755707882833	503.166666666667	470.893103448276	-0.195366013785173	-0.255468177203368	31.841225356732	30.7982621315522	13
"80"	79	15.4563795268817	15.3755707882833	503.166666666667	470.893103448276	-0.1313269225163	-0.190850716094927	51.3515039589316	50.1825415700238	13
"81"	83	13.9232263082437	13.8734498079347	1101.03333333333	1061.74137931034	-0.166468349006941	-0.22624377876407	34.3258103176868	33.3404901830764	13
"82"	87	13.9232263082437	13.8734498079347	1101.03333333333	1061.74137931034	-0.12378431816218	-0.167930030074704	54.1174489019286	52.9295023460096	13
"83"	91	12.0934640286738	12.0557339755284	1526.86666666667	1453.86206896552	-0.121176880512735	-0.128578625200918	36.7709194072655	36.0326987510406	13
"84"	95	12.0934640286738	12.0557339755284	1526.86666666667	1453.86206896552	-0.0924469756739021	-0.083760018399345	57.4861252376345	56.7033031789341	13
"85"	99	15.9097076702509	17.4949404998146	542	451.124137931034	-0.266735088299965	-0.386726945445719	30.957648908344	28.0070688721097	13
"86"	103	15.9097076702509	17.4949404998146	542	451.124137931034	-0.182476017176788	-0.298624427038042	50.3103280016062	46.4047419473572	13
"87"	107	14.5810933189964	16.0977205294772	1193.06666666667	1067.8275862069	-0.216848138462876	-0.340843632344477	32.7182959867591	30.6383442680793	13
"88"	111	14.5810933189964	16.0977205294772	1193.06666666667	1067.8275862069	-0.138038443046164	-0.261473373930429	52.4837774231718	49.5876122092784	13
"89"	115	12.8511863082437	14.3202350567297	1568.8	1429.58275862069	-0.145847755204241	-0.276599950797421	34.727104432097	32.20426929811	13
"90"	119	12.8511863082437	14.3202350567297	1568.8	1429.58275862069	-0.0662768253909415	-0.209769046003279	55.3277999318744	51.6309252097326	13
"91"	4	11.332440688172	11.7627571820541	379.533333333333	384.668965517241	-0.184557685804019	-0.238000291416404	31.8058832521568	31.0256095889927	13
"92"	8	11.332440688172	11.7627571820541	379.533333333333	384.668965517241	-0.106126209458772	-0.177611179867118	51.88727477958	50.3205840943254	13
"93"	12	9.80073588530466	10.2100127356322	865.933333333333	877.493103448276	-0.154805273677982	-0.159769207942222	34.3205626086129	34.6844401889999	13
"94"	16	9.80073588530466	10.2100127356322	865.933333333333	877.493103448276	-0.099254842409976	-0.110142759689533	54.1450422990103	54.9144984370865	13
"95"	20	7.94537843727599	8.34540799110122	1168.83333333333	1206.91034482759	-0.0333829865088659	-0.066290695954319	38.6659626922508	38.2301431969351	13
"96"	24	7.94537843727599	8.34540799110122	1168.83333333333	1206.91034482759	-0.0224298976173371	-0.0438907908185468	59.7446887671142	59.2259364626839	13
"97"	28	13.7643863512545	14.1200655810159	485.166666666667	462.331034482759	-0.152523714364907	-0.22016646239508	31.5555926435	31.7484230658402	13
"98"	32	13.7643863512545	14.1200655810159	485.166666666667	462.331034482759	-0.0757243175171894	-0.155572646657867	52.2550383362915	51.7308906904666	13
"99"	36	12.1403481146953	12.5588548802373	1041.46666666667	1037.93448275862	-0.104858187391909	-0.184220605904647	35.5139860316624	34.23664645838	13
"100"	40	12.1403481146953	12.5588548802373	1041.46666666667	1037.93448275862	-0.0470289284584455	-0.131325671131318	56.6852865815232	54.4593446424308	13
"101"	44	10.2311598566308	10.7152027556544	1396.5	1436.23448275862	-0.0649590444225235	-0.0682507769615439	37.7137907362792	38.0013455165872	13
"102"	48	10.2311598566308	10.7152027556544	1396.5	1436.23448275862	-0.0357342695166552	-0.0476129517523294	58.934508755161	59.0725528120868	13
"103"	52	14.7239204444444	14.63398484835	438.333333333333	419.148275862069	-0.249993851430596	-0.27273735959091	29.6022108478828	29.7202770787754	13
"104"	56	14.7239204444444	14.63398484835	438.333333333333	419.148275862069	-0.175300180379737	-0.196047926226686	49.5933905627691	49.3279510503794	13
"105"	60	13.2415555555556	13.1016252502781	1000.13333333333	973.251724137931	-0.213194941369552	-0.214481861809045	32.530727177665	33.4284659547479	13
"106"	64	13.2415555555556	13.1016252502781	1000.13333333333	973.251724137931	-0.134202572053408	-0.152478244339295	52.6000260802268	53.3934798404171	13
"107"	68	11.3763608458781	11.2654677834631	1360.5	1333.62413793103	-0.0355722177184033	-0.0672823137724802	37.8117677264633	37.7572920787552	13
"108"	72	11.3763608458781	11.2654677834631	1360.5	1333.62413793103	-0.0233936158398344	-0.0479827315258725	59.1690927750929	58.8588516677704	13
"109"	76	15.2997580645161	15.3181386918799	441.7	438.334482758621	-0.343518321592228	-0.322928128236857	28.9441381111626	29.2349278556912	13
"110"	80	15.2997580645161	15.3181386918799	441.7	438.334482758621	-0.273715474555199	-0.248694097316822	47.8238262073649	47.941742210871	13
"111"	84	13.8600224659498	13.8402473518725	1044.16666666667	1012.34137931034	-0.330550152065251	-0.275878870593855	31.471108960217	32.3282199148247	13
"112"	88	13.8600224659498	13.8402473518725	1044.16666666667	1012.34137931034	-0.252436422304126	-0.204985595661129	50.6529776077462	51.4614535877445	13
"113"	92	12.0813540071685	12.0368203307379	1429.7	1393.06896551724	-0.164143613220615	-0.14016151786557	35.4385237567079	35.7573260351351	13
"114"	96	12.0813540071685	12.0368203307379	1429.7	1393.06896551724	-0.0950913977960625	-0.0857077438721319	55.9716170459684	56.3748222164594	13
"115"	100	17.7412372759857	17.4146812354468	465.4	459.196551724138	-0.295146544846504	-0.344001606876971	30.6297496721603	29.1538789965991	13
"116"	104	17.7412372759857	17.4146812354468	465.4	459.196551724138	-0.253258856534218	-0.262435434646828	49.9053388154872	47.9926411962397	13
"117"	108	16.1703479426523	15.9542808394512	1072.86666666667	1100.98275862069	-0.337789888903264	-0.326834504104128	31.4208766046236	31.2000833734	13
"118"	112	16.1703479426523	15.9542808394512	1072.86666666667	1100.98275862069	-0.26777154959575	-0.247519138621792	50.6772346912781	50.2915638579547	13
"119"	116	14.3363183225806	14.1478594171301	1378.06666666667	1465.5275862069	-0.296212513933536	-0.24179919453237	31.9916225121264	33.2413363514011	13
"120"	120	14.3363183225806	14.1478594171301	1378.06666666667	1465.5275862069	-0.242222124485903	-0.180978788197032	51.2379546995605	52.9441301987405	13
