"rid"	"temp.short"	"temp.long"	"prec.short"	"prec.long"	"potential.short"	"potential.long"	"content.short"	"content.long"	"replicate"
"1"	1	12.5981384659498	12.0312529032258	358.366666666667	378.086206896552	-0.238203310344281	-0.294023554311721	30.8147160023787	29.6182658279659	4
"2"	5	12.5981384659498	12.0312529032258	358.366666666667	378.086206896552	-0.164120228350582	-0.23530885292949	50.3321142997054	48.3951042392928	4
"3"	9	11.200043655914	10.4951411182796	810.3	870.7	-0.223814269446544	-0.155798319075967	33.88401520447	34.7722954325316	4
"4"	13	11.200043655914	10.4951411182796	810.3	870.7	-0.17919913802825	-0.112670421177051	53.5077191655322	55.0704881671541	4
"5"	17	9.38676200716846	8.65735569002596	1113.86666666667	1204.22413793103	-0.125183087053326	-0.0664288222006247	36.9576184970399	38.0769917990918	4
"6"	21	9.38676200716846	8.65735569002596	1113.86666666667	1204.22413793103	-0.0854256113132513	-0.0446167512199714	57.481231461164	59.1010947426077	4
"7"	25	14.6706774767025	14.6861979414164	372.4	395.765517241379	-0.398193286697729	-0.370878579633402	28.5848793010394	28.8960638238354	4
"8"	29	14.6706774767025	14.6861979414164	372.4	395.765517241379	-0.311510249058953	-0.289698459323216	47.2750362781262	47.6455864994031	4
"9"	33	13.1513111827957	13.1874063121987	958.3	968.948275862069	-0.326575210965116	-0.300357259379064	32.1554407696857	32.4369462877376	4
"10"	37	13.1513111827957	13.1874063121987	958.3	968.948275862069	-0.253545217250587	-0.23568129231432	51.4685622687235	51.789346468261	4
"11"	41	11.3619450322581	11.3884612102336	1311.96666666667	1346.95172413793	-0.115363837654323	-0.137226523804466	36.5032004978544	36.297207893137	4
"12"	45	11.3619450322581	11.3884612102336	1311.96666666667	1346.95172413793	-0.0749914902468037	-0.0980586917051042	57.2945953836234	56.9172602465126	4
"13"	49	14.0496538924731	14.8999230122358	504	440.768965517241	-0.174706775475488	-0.33328370838095	32.0888631278538	29.4635744387357	4
"14"	53	14.0496538924731	14.8999230122358	504	440.768965517241	-0.126176884548298	-0.274456575394281	51.8620436015594	48.1073655438544	4
"15"	57	12.5499048028674	13.3854411449759	1069.76666666667	1022.25862068966	-0.202923629396009	-0.277090399773196	33.311358246893	32.0738637860374	4
"16"	61	12.5499048028674	13.3854411449759	1069.76666666667	1022.25862068966	-0.133837956719613	-0.216464356611815	53.2376096926216	51.3189274009261	4
"17"	65	10.7044305519713	11.577230579162	1426.26666666667	1402.63103448276	-0.0420468876532164	-0.112043437614791	37.3435047710568	36.4508156218723	4
"18"	69	10.7044305519713	11.577230579162	1426.26666666667	1402.63103448276	-0.0257665842131066	-0.0769488664101149	58.6937620492334	57.2370952119071	4
"19"	73	15.1408043297491	15.3708404716351	495.266666666667	441.706896551724	-0.167276028111675	-0.333905528738847	32.8136726548304	29.3849928617724	4
"20"	77	15.1408043297491	15.3708404716351	495.266666666667	441.706896551724	-0.125767918745021	-0.263462824714883	53.2705328835537	48.0080396731747	4
"21"	81	13.5670807168459	13.8727857678902	1138.4	1052.65862068966	-0.175181588605702	-0.265113397936755	34.4666392281632	32.3249323020782	4
"22"	85	13.5670807168459	13.8727857678902	1138.4	1052.65862068966	-0.12803461416471	-0.204625602699859	54.6077472643287	51.4094358295256	4
"23"	89	11.6861846021505	12.0472595654431	1543.96666666667	1457.9275862069	-0.101037942968244	-0.129127824450123	37.9138084104718	36.2631004775516	4
"24"	93	11.6861846021505	12.0472595654431	1543.96666666667	1457.9275862069	-0.0768138428897935	-0.0940667080528413	58.6353652453024	56.8806466510832	4
"25"	97	17.9985649318996	17.6721825969596	505.433333333333	438.479310344828	-0.154342231540292	-0.385748215305565	31.5765509320209	27.5324952353131	4
"26"	101	17.9985649318996	17.6721825969596	505.433333333333	438.479310344828	-0.0778192826006275	-0.295933180396738	52.5329334480906	45.7743286078735	4
"27"	105	16.3700455340502	16.2185326777901	1083.8	1023.91379310345	-0.129005540068708	-0.3077189145039	33.8092912551715	30.7772374642213	4
"28"	109	16.3700455340502	16.2185326777901	1083.8	1023.91379310345	-0.0537646707513452	-0.224703302822624	54.9230947581729	49.8753935719874	4
"29"	113	14.4797467383513	14.4131310077864	1457.46666666667	1387.19655172414	-0.0569238034849113	-0.215762917120468	35.4305711307267	33.0385693480757	4
"30"	117	14.4797467383513	14.4131310077864	1457.46666666667	1387.19655172414	-0.0314714050671355	-0.15107725273939	56.7576251829325	52.9044227881791	4
"31"	2	11.3429910537634	12.1157863967371	410.533333333333	373.331034482759	-0.195338438459048	-0.311534915281356	32.2360559669715	29.2645466124177	4
"32"	6	11.3429910537634	12.1157863967371	410.533333333333	373.331034482759	-0.122270568877025	-0.248165902669184	52.4125895784822	47.8826811871745	4
"33"	10	9.79955362007168	10.5593280430108	887.6	855.937931034483	-0.116799136670267	-0.184684461974135	35.0250121958471	34.0009907893329	4
"34"	14	9.79955362007168	10.5593280430108	887.6	855.937931034483	-0.0593195501653422	-0.134620672749706	55.8734864078915	54.0116661152734	4
"35"	18	7.98305954121864	8.73734449239896	1256.2	1178.43448275862	-0.0222361870390337	-0.0694148185983941	39.1301832368943	37.9803598196617	4
"36"	22	7.98305954121864	8.73734449239896	1256.2	1178.43448275862	-0.0190265772199469	-0.0458457215749127	60.4860049856736	59.0339817252655	4
"37"	26	14.5088860645161	14.6512046377456	401.933333333333	404.458620689655	-0.335023892354978	-0.368484731411873	27.7531274523855	29.0051639184944	4
"38"	30	14.5088860645161	14.6512046377456	401.933333333333	404.458620689655	-0.267737903305256	-0.290290300721047	46.350703314888	47.8406782717435	4
"39"	34	12.9412155268817	13.1340227170931	921.533333333333	975.58275862069	-0.175702338168915	-0.29074153462763	33.560690676847	32.5578158708582	4
"40"	38	12.9412155268817	13.1340227170931	921.533333333333	975.58275862069	-0.126389499573571	-0.230586145075543	53.4943285859554	51.9127576098149	4
"41"	42	11.1455181648746	11.3281883544679	1247.03333333333	1354.8275862069	-0.0303715756249387	-0.125652605476996	38.3124503563337	36.6247939723836	4
"42"	46	11.1455181648746	11.3281883544679	1247.03333333333	1354.8275862069	-0.021364218046174	-0.0898477653284224	59.7820724879005	57.3493447237779	4
"43"	50	15.5298098351254	14.89133221802	402.7	453.713793103448	-0.323488423086024	-0.298961421273546	28.705519662407	29.8142060169083	4
"44"	54	15.5298098351254	14.89133221802	402.7	453.713793103448	-0.250713759590364	-0.236059506552628	46.6849276143908	48.768274930511	4
"45"	58	14.1158585232975	13.3559865865777	918.1	1037.65517241379	-0.205273186180018	-0.246771474641203	31.9388778748228	32.4542843480818	4
"46"	62	14.1158585232975	13.3559865865777	918.1	1037.65517241379	-0.150189347572854	-0.184705664549561	50.5018317384658	51.8538553019505	4
"47"	66	12.2988497204301	11.5337049210234	1252.23333333333	1423.86551724138	-0.05862424878439	-0.0897544587269878	37.064688097247	37.0654136169526	4
"48"	70	12.2988497204301	11.5337049210234	1252.23333333333	1423.86551724138	-0.0301622360541941	-0.0603463661326111	58.1143154931214	57.9791719778715	4
"49"	74	15.805620688172	15.2033908387097	435.566666666667	450.375862068966	-0.480248091915389	-0.311115447125349	27.208508094392	29.856740305657	4
"50"	78	15.805620688172	15.2033908387097	435.566666666667	450.375862068966	-0.399954031495198	-0.240520702028503	44.7853829918926	48.6477579711278	4
"51"	82	14.393887655914	13.6990356826103	1109.8	1064.67931034483	-0.361615454839621	-0.256262406826958	30.4363023542455	32.3293378152745	4
"52"	86	14.393887655914	13.6990356826103	1109.8	1064.67931034483	-0.287402889508935	-0.188687510067598	49.0255012627001	51.6114485365491	4
"53"	90	12.6050229247312	11.8694631738969	1560.03333333333	1465.59655172414	-0.169213204951441	-0.117737109115591	35.7476837896002	36.472411479223	4
"54"	94	12.6050229247312	11.8694631738969	1560.03333333333	1465.59655172414	-0.126988113965343	-0.0828896753667486	55.9073660192309	57.2005427496145	4
"55"	98	17.9105767311828	17.6696089892473	453.3	422.062068965517	-0.374897160774547	-0.430775928117612	27.7948361304043	27.1133932381039	4
"56"	102	17.9105767311828	17.6696089892473	453.3	422.062068965517	-0.292482256188938	-0.343719644028674	45.721469672089	44.8608558130609	4
"57"	106	16.3670755555556	16.2046618138673	1156.73333333333	1013.71724137931	-0.299584902763296	-0.352030881744146	30.37285311823	30.2590705579472	4
"58"	110	16.3670755555556	16.2046618138673	1156.73333333333	1013.71724137931	-0.231056354888366	-0.274005732611482	49.5001901902325	48.830984696874	4
"59"	114	14.5306423512545	14.4030038368558	1589.06666666667	1377.96206896552	-0.232219823847843	-0.246323907346698	32.5567488959483	32.7063677292588	4
"60"	118	14.5306423512545	14.4030038368558	1589.06666666667	1377.96206896552	-0.157829545280226	-0.184140306334593	52.2066747456403	52.2985819672231	4
"61"	3	12.0093205591398	11.9785332695588	415.166666666667	387.675862068966	-0.119793265451576	-0.258921200165458	33.4731411902389	30.095571717999	4
"62"	7	12.0093205591398	11.9785332695588	415.166666666667	387.675862068966	-0.0660187035355817	-0.218686906871926	54.041674817807	48.518616225076	4
"63"	11	10.5452976344086	10.3989814712644	940.333333333333	894.537931034483	-0.122970964482584	-0.153829022939406	35.2627716376584	34.5996062681778	4
"64"	15	10.5452976344086	10.3989814712644	940.333333333333	894.537931034483	-0.0650733324298374	-0.157018470627019	56.2480303980885	53.6687586409484	4
"65"	19	8.73582379928315	8.53587738672599	1287.16666666667	1223.92413793103	-0.0272425698405911	-0.0636625069112393	38.80407826811	38.5758894647683	4
"66"	23	8.73582379928315	8.53587738672599	1287.16666666667	1223.92413793103	-0.0205223066445276	-0.0798635628698634	60.1637040567856	58.4540808802255	4
"67"	27	13.6017999713262	14.3621214401187	452.766666666667	443.768965517241	-0.159160487182511	-0.264780408636295	33.3749873758235	30.4514075038081	4
"68"	31	13.6017999713262	14.3621214401187	452.766666666667	443.768965517241	-0.0801306684722722	-0.209057468708515	53.8360381337869	49.326874517251	4
"69"	35	12.0611199713262	12.8637999688543	975.4	994.289655172414	-0.1584048193344	-0.23977786850583	34.5779454362226	33.1948574901104	4
"70"	39	12.0611199713262	12.8637999688543	975.4	994.289655172414	-0.0846314048937968	-0.248828165348932	55.2097585136965	51.7315037678443	4
"71"	43	10.2677096344086	11.0468457604746	1327.63333333333	1358.87931034483	-0.0821930780523239	-0.139687079316039	38.0401742561238	36.5450513276654	4
"72"	47	10.2677096344086	11.0468457604746	1327.63333333333	1358.87931034483	-0.0587499928511798	-0.179735533886309	58.8061859524964	55.5771259642789	4
"73"	51	15.2551695197133	15.029848183908	356.333333333333	417.296551724138	-0.419507928970871	-0.365315566522058	26.2766852184165	28.3919134868057	4
"74"	55	15.2551695197133	15.029848183908	356.333333333333	417.296551724138	-0.345106078403088	-0.30461753582516	43.9943116453245	46.5681471343218	4
"75"	59	13.8674640143369	13.5360243188728	909.3	996.193103448276	-0.27780634971129	-0.272369204546661	31.982868405143	32.2247081666342	4
"76"	63	13.8674640143369	13.5360243188728	909.3	996.193103448276	-0.208055107371497	-0.228946263144004	51.5578581085689	51.1173870788904	4
"77"	67	12.0833648315412	11.7279809506859	1246.4	1377.77586206897	-0.147243851494972	-0.110475036796025	36.1083752448241	36.5768185369061	4
"78"	71	12.0833648315412	11.7279809506859	1246.4	1377.77586206897	-0.106351115492385	-0.122767795461767	56.7412315114364	56.1466545794604	4
"79"	75	15.1731646738351	15.3108509721913	464	443.231034482759	-0.286283468514714	-0.321018505439814	30.6370809064742	29.4069282713712	4
"80"	79	15.1731646738351	15.3108509721913	464	443.231034482759	-0.1990673282021	-0.261561678436374	50.0124538285898	47.7187348218198	4
"81"	83	13.6861621648746	13.8117378984056	1033.23333333333	1021.81379310345	-0.292751593772401	-0.290420571443919	32.6577323196417	32.2838964188554	4
"82"	87	13.6861621648746	13.8117378984056	1033.23333333333	1021.81379310345	-0.227072861307228	-0.236662853957784	51.5516717590649	51.2778959075743	4
"83"	91	11.8771643870968	12.002168814238	1409.16666666667	1411.41379310345	-0.227392253834052	-0.186220277040267	33.9734135044611	35.1927705943215	4
"84"	95	11.8771643870968	12.002168814238	1409.16666666667	1411.41379310345	-0.151950462846232	-0.150588500380701	53.7579883221139	55.1156322177767	4
"85"	99	17.2242382078853	17.3285163173897	463.866666666667	468.972413793103	-0.355830011629048	-0.373933479090122	30.581671764934	28.3029611793901	4
"86"	103	17.2242382078853	17.3285163173897	463.866666666667	468.972413793103	-0.267310907713361	-0.307088474873645	49.3998338973334	46.5879667791045	4
"87"	107	15.8415433548387	15.9339421060438	1168.6	1091.58965517241	-0.309746088638843	-0.368828584359472	32.1630616449663	30.3925965956505	4
"88"	111	15.8415433548387	15.9339421060438	1168.6	1091.58965517241	-0.236035366483428	-0.305409109334065	51.1783136993583	48.9687912781581	4
"89"	115	14.0169781792115	14.1544022543567	1562.66666666667	1467.69310344828	-0.234034956103324	-0.286790029518605	33.690726450649	32.4618515759869	4
"90"	119	14.0169781792115	14.1544022543567	1562.66666666667	1467.69310344828	-0.17155113175531	-0.222478697938873	53.3217307845628	51.8222137820092	4
"91"	4	12.2077074265233	12.2424603722655	367.3	381.558620689655	-0.389289680384227	-0.30565161665435	28.4255173017318	29.09300935257	4
"92"	8	12.2077074265233	12.2424603722655	367.3	381.558620689655	-0.322994009075911	-0.240531031347929	46.6046631112991	47.6486607208809	4
"93"	12	10.650114953405	10.6526069558769	874.1	895.296551724138	-0.199598777323745	-0.233099485721347	34.3905528124878	33.6794982547138	4
"94"	16	10.650114953405	10.6526069558769	874.1	895.296551724138	-0.153477327265804	-0.226853861379655	54.5180004091826	52.3407836305838	4
"95"	20	8.76244055913978	8.80749180867631	1217.56666666667	1242.69310344828	-0.0999734240083584	-0.0730159603044503	37.1093086504801	38.4262845516878	4
"96"	24	8.76244055913978	8.80749180867631	1217.56666666667	1242.69310344828	-0.0547320209963063	-0.0648625903114207	58.0305278127673	58.8674843259766	4
"97"	28	14.5775811756272	14.4572202773452	493.8	435.803448275862	-0.179595779795204	-0.369048684470613	31.6143227317085	28.6344681306032	4
"98"	32	14.5775811756272	14.4572202773452	493.8	435.803448275862	-0.0980540316624898	-0.29475807417117	52.1420787140089	47.1883705387417	4
"99"	36	12.9214939354839	12.9210532562106	1200.23333333333	1012.56551724138	-0.0926883634504134	-0.300202216598466	36.2215609319209	32.6897227845144	4
"100"	40	12.9214939354839	12.9210532562106	1200.23333333333	1012.56551724138	-0.0617932144945649	-0.258742466920353	57.1791035804352	51.6309374783314	4
"101"	44	11.0088173620072	11.0751593770857	1693.2	1404.37931034483	-0.0400600068606516	-0.13313791552879	38.8606807215475	36.5304614783022	4
"102"	48	11.0088173620072	11.0751593770857	1693.2	1404.37931034483	-0.0236117625805715	-0.121980743733417	60.1579047591884	56.5314646442535	4
"103"	52	15.1716719713262	14.7502466918799	356.833333333333	423.779310344828	-0.410213119023378	-0.300505619439221	28.6549637946771	29.720508783724	4
"104"	56	15.1716719713262	14.7502466918799	356.833333333333	423.779310344828	-0.333564717532992	-0.238392172076189	47.3241438201164	48.6295172385621	4
"105"	60	13.6520671111111	13.2797586147571	897.1	984.362068965517	-0.4011698892998	-0.377195770165217	30.157216894309	31.2831628634114	4
"106"	64	13.6520671111111	13.2797586147571	897.1	984.362068965517	-0.32799958538316	-0.396965239391456	48.8284564648811	48.6237083674491	4
"107"	68	11.8397849318996	11.4780796944753	1243.76666666667	1342.26896551724	-0.272967889074841	-0.275504141461401	33.9413791415761	34.385685547097	4
"108"	72	11.8397849318996	11.4780796944753	1243.76666666667	1342.26896551724	-0.226934882772107	-0.268966988546132	53.401839429209	53.5522784323069	4
"109"	76	15.5586811182796	15.435653856878	395.533333333333	445.072413793103	-0.493127773884934	-0.40487036919808	27.0286852776616	28.0070785397002	4
"110"	80	15.5586811182796	15.435653856878	395.533333333333	445.072413793103	-0.420040921956829	-0.379888493149213	44.4077439124907	45.1056533268593	4
"111"	84	14.1995368315412	13.9493503136819	974.033333333333	1051.53793103448	-0.378847570136533	-0.366900494875119	30.590508199083	31.577888210422	4
"112"	88	14.1995368315412	13.9493503136819	974.033333333333	1051.53793103448	-0.329308584410327	-0.333748682460369	48.4329270951726	49.5029983064722	4
"113"	92	12.3957828387097	12.138581214683	1371.8	1446.53103448276	-0.146155072141638	-0.222309250282558	35.2650107752527	35.0057725626492	4
"114"	96	12.3957828387097	12.138581214683	1371.8	1446.53103448276	-0.101664028767211	-0.183572546509074	55.8263270100479	54.5959509515746	4
"115"	100	16.9232809749104	17.2828764212088	500.3	462.906896551724	-0.305889465656384	-0.425429866388198	30.5290212512791	27.8111853126436	4
"116"	104	16.9232809749104	17.2828764212088	500.3	462.906896551724	-0.223209112949873	-0.387239836724619	50.0756245353806	45.1233597104586	4
"117"	108	15.4982807598566	15.8213407400816	1161.93333333333	1069.13793103448	-0.261000684044425	-0.36951516186287	33.251598841625	30.9228931410021	4
"118"	112	15.4982807598566	15.8213407400816	1161.93333333333	1069.13793103448	-0.193461617416759	-0.388887908155982	52.9463639449083	48.3622686632146	4
"119"	116	13.6749776630824	14.0204184575454	1542.63333333333	1434.97586206897	-0.213306755752642	-0.305662699204712	34.326993994185	32.6696893445205	4
"120"	120	13.6749776630824	14.0204184575454	1542.63333333333	1434.97586206897	-0.160638051590032	-0.327111634595318	54.0990636594638	50.6357378726092	4
