"rid"	"temp.short"	"temp.long"	"prec.short"	"prec.long"	"potential.short"	"potential.long"	"content.short"	"content.long"	"replicate"
"1"	1	11.7212986236559	11.7452100897293	371.4	392.686206896552	-0.247632544229526	-0.236668182395957	30.4912064988407	30.4322786301522	20
"2"	5	11.7212986236559	11.7452100897293	371.4	392.686206896552	-0.19885542243226	-0.171469317832248	49.3692217704788	49.6866507485357	20
"3"	9	10.2309915555556	10.1941587704857	846.1	897.034482758621	-0.113406499731383	-0.125964193917871	35.206690026378	35.1711548142958	20
"4"	13	10.2309915555556	10.1941587704857	846.1	897.034482758621	-0.0754512225267932	-0.0816345285331968	55.5643488768505	55.7428137978041	20
"5"	17	8.36673079569892	8.34590949054505	1170.26666666667	1233.06551724138	-0.0350973182969995	-0.0436656392144555	39.6095478344849	38.9289079744377	20
"6"	21	8.36673079569892	8.34590949054505	1170.26666666667	1233.06551724138	-0.0240273477048897	-0.0317107656448942	60.8449183080756	60.0575859323068	20
"7"	25	14.9832902795699	14.3272724879496	415.233333333333	420.424137931034	-0.313841007413334	-0.321132680967406	30.873110092357	29.5521627416307	20
"8"	29	14.9832902795699	14.3272724879496	415.233333333333	420.424137931034	-0.232495748893658	-0.251614328489596	50.5059055200052	48.5203745574678	20
"9"	33	13.6468789677419	12.8503690975158	921.533333333333	973.365517241379	-0.321033313702095	-0.252599562378801	32.0946834547504	32.8214687287686	20
"10"	37	13.6468789677419	12.8503690975158	921.533333333333	973.365517241379	-0.244159460854783	-0.192408728085861	51.6074886501721	52.3320169998028	20
"11"	41	11.8633480860215	11.0480164642195	1311.43333333333	1342.60344827586	-0.220085887439549	-0.0980724007595471	34.5302166975977	36.9570955614469	20
"12"	45	11.8633480860215	11.0480164642195	1311.43333333333	1342.60344827586	-0.178173787339081	-0.0691865025480936	54.5189201350189	57.800661049177	20
"13"	49	14.7801375197133	14.6907027660363	449.033333333333	430.365517241379	-0.238476354320412	-0.304027864319207	31.3773269877133	29.4608789388789	20
"14"	53	14.7801375197133	14.6907027660363	449.033333333333	430.365517241379	-0.18975183243382	-0.243791116346804	50.9280358534192	48.2733952673645	20
"15"	57	13.2838875268817	13.1830777041157	1094.63333333333	999.637931034483	-0.227496763570142	-0.233478876722105	34.3181118693142	32.7954616666523	20
"16"	61	13.2838875268817	13.1830777041157	1094.63333333333	999.637931034483	-0.183564327373418	-0.17892901531706	54.0315313987198	52.1445531897783	20
"17"	65	11.5190728315412	11.358868504264	1521.66666666667	1362.25517241379	-0.0191398307935034	-0.0657591147278668	39.6950535604115	37.597854328409	20
"18"	69	11.5190728315412	11.358868504264	1521.66666666667	1362.25517241379	-0.0173265482930063	-0.0459709706160676	61.0465920796615	58.6437398045342	20
"19"	73	14.6663487455197	15.2349535409714	548.3	478.720689655172	-0.145795051988142	-0.219867659951728	32.6797213963291	30.9917197674501	20
"20"	77	14.6663487455197	15.2349535409714	548.3	478.720689655172	-0.112842432296098	-0.155845628472516	51.7383662399367	50.6251266544065	20
"21"	81	13.1563005017921	13.7103735528365	1184.8	1065.58275862069	-0.131051019332726	-0.220187938364078	35.0242451988743	33.0271945225871	20
"22"	85	13.1563005017921	13.7103735528365	1184.8	1065.58275862069	-0.0888332468713288	-0.150568834105891	54.4727632302014	52.7356375792446	20
"23"	89	11.3141231397849	11.8985658998888	1622.66666666667	1453.30344827586	-0.0442438568848171	-0.127516276051249	38.5531051019379	36.1743453523638	20
"24"	93	11.3141231397849	11.8985658998888	1622.66666666667	1453.30344827586	-0.0241534579114791	-0.085973714558354	59.8948624273008	56.786273402195	20
"25"	97	18.0572850609319	17.2062899473489	448.466666666667	447.968965517241	-0.513790759523405	-0.356374817650972	25.6256123131759	28.428661287402	20
"26"	101	18.0572850609319	17.2062899473489	448.466666666667	447.968965517241	-0.412977329539259	-0.276666381711499	43.0217755350722	46.9752786704404	20
"27"	105	16.6830704086022	15.7636407119021	1000.93333333333	1062.24827586207	-0.414988068814013	-0.310335394246257	29.2338816647628	31.0391346719413	20
"28"	109	16.6830704086022	15.7636407119021	1000.93333333333	1062.24827586207	-0.332718994975887	-0.238465442377276	47.661736270585	50.1282606918798	20
"29"	113	14.9367904229391	13.9558714052651	1340.9	1429.3275862069	-0.365797530371462	-0.21348590184253	30.4003885482007	33.4260377672136	20
"30"	117	14.9367904229391	13.9558714052651	1340.9	1429.3275862069	-0.292682770333755	-0.152191505328574	49.0637289693139	53.4352780069947	20
"31"	2	12.0712188960573	11.8217633563218	361.133333333333	392.637931034483	-0.226606416387776	-0.224600449684568	31.5574000638524	30.6639760764006	20
"32"	6	12.0712188960573	11.8217633563218	361.133333333333	392.637931034483	-0.152022689130848	-0.162286499283073	50.9486893600727	50.1111654613051	20
"33"	10	10.5961453620072	10.2810207341491	816.6	881.937931034483	-0.227148170533729	-0.147234593977035	33.4455125130803	34.6852429255114	20
"34"	14	10.5961453620072	10.2810207341491	816.6	881.937931034483	-0.182739297062001	-0.0992033259700759	53.0502345110667	55.0476722188597	20
"35"	18	8.74440656630824	8.44901043084909	1121.86666666667	1210.16896551724	-0.114700837442412	-0.0530156432990906	37.031031214424	38.5566131476634	20
"36"	22	8.74440656630824	8.44901043084909	1121.86666666667	1210.16896551724	-0.0693119967186351	-0.0380793650034907	57.759783098072	59.6427294992751	20
"37"	26	14.0876750107527	14.5347035520949	394.4	408.348275862069	-0.338378357536648	-0.324037340136206	30.0015090286183	29.210293129688	20
"38"	30	14.0876750107527	14.5347035520949	394.4	408.348275862069	-0.278208254706599	-0.253607068217042	49.18292250515	48.0626697048186	20
"39"	34	12.5883639713262	13.002666785317	991.333333333333	967.027586206897	-0.289719257885822	-0.24969071651701	33.0883687196433	32.8318266551339	20
"40"	38	12.5883639713262	13.002666785317	991.333333333333	967.027586206897	-0.244543939387792	-0.189675053263858	52.4651213825307	52.359116784268	20
"41"	42	10.7918314265233	11.1918370915832	1369.76666666667	1332.86896551724	-0.171983571080551	-0.0984600159939768	35.8156555685942	36.9117909203814	20
"42"	46	10.7918314265233	11.1918370915832	1369.76666666667	1332.86896551724	-0.124878444088911	-0.0679409097266598	56.1113238823064	57.8307794762651	20
"43"	50	14.4708748100358	14.6926543819058	502.666666666667	451.403448275862	-0.31016608612378	-0.285338624691134	30.5861358567775	29.9767585090789	20
"44"	54	14.4708748100358	14.6926543819058	502.666666666667	451.403448275862	-0.251509845616931	-0.224318181540627	49.0650252190832	48.9279983003772	20
"45"	58	12.7560463225806	13.1551058924731	1106.33333333333	1035.77931034483	-0.251253969244776	-0.23634879736096	32.3283965136713	32.9514945681131	20
"46"	62	12.7560463225806	13.1551058924731	1106.33333333333	1035.77931034483	-0.199229671441418	-0.180739589725566	51.3095777097848	52.3095746982488	20
"47"	66	10.8493027383513	11.3256554008157	1492.2	1414.07931034483	-0.0239942979557328	-0.0593901396926312	38.4857344057543	37.8686084367671	20
"48"	70	10.8493027383513	11.3256554008157	1492.2	1414.07931034483	-0.0200504456918205	-0.0383600950549798	59.8463397636171	58.9945264057887	20
"49"	74	14.8330565734767	15.1908358101594	453	480.110344827586	-0.0972839839175652	-0.234406683689927	34.3495469348717	31.0685187843816	20
"50"	78	14.8330565734767	15.1908358101594	453	480.110344827586	-0.0579237050262851	-0.167793264823506	55.3731302130058	50.7809172366173	20
"51"	82	13.2307304516129	13.6593234008157	1026.86666666667	1076.63448275862	-0.127713174996464	-0.216989166928941	35.1012946776731	33.1234213849379	20
"52"	86	13.2307304516129	13.6593234008157	1026.86666666667	1076.63448275862	-0.0779332286993817	-0.153036354411122	55.7330027944398	52.8981232091883	20
"53"	90	11.3852625949821	11.8382765724879	1401.4	1464.83448275862	-0.0540627255237521	-0.114227719931227	38.7211525256353	36.5652505153874	20
"54"	94	11.3852625949821	11.8382765724879	1401.4	1464.83448275862	-0.0294583297531396	-0.0792931366558178	59.9368866169215	57.2960400806498	20
"55"	98	17.9288666523297	17.1841836618465	425.2	444.565517241379	-0.318845008189131	-0.358138677594764	28.7935998853129	28.6606854488777	20
"56"	102	17.9288666523297	17.1841836618465	425.2	444.565517241379	-0.226449526129218	-0.279266900416941	48.452115644637	47.2049671254807	20
"57"	106	16.3057880573477	15.7492917256211	929.366666666667	1055.76551724138	-0.28277546824528	-0.30478421235872	31.5974479500394	31.2514039636535	20
"58"	110	16.3057880573477	15.7492917256211	929.366666666667	1055.76551724138	-0.198158565762747	-0.23531658451064	51.5188709357495	50.3008819572757	20
"59"	114	14.4731368602151	13.9410238917316	1287.16666666667	1422.83793103448	-0.200359758371715	-0.211402631828618	33.1824540682748	33.3529048447156	20
"60"	118	14.4731368602151	13.9410238917316	1287.16666666667	1422.83793103448	-0.170069830803075	-0.154252404395915	53.3682147036677	53.2569793703945	20
"61"	3	11.2330130179211	12.2494550063033	419.633333333333	388.465517241379	-0.226795174367347	-0.26863917434736	30.6778534940683	29.7825608714256	20
"62"	7	11.2330130179211	12.2494550063033	419.633333333333	388.465517241379	-0.148223767637417	-0.20789991763816	49.8764942447886	48.7221823136497	20
"63"	11	9.57169870967742	10.6829330233593	956.633333333333	894.051724137931	-0.119200477329689	-0.149081605108384	34.9719985105098	34.6080182112241	20
"64"	15	9.57169870967742	10.6829330233593	956.633333333333	894.051724137931	-0.0600410712390469	-0.10347248906784	55.5261644855426	54.7504199399752	20
"65"	19	7.70579410752688	8.84774794809047	1313.6	1232.68965517241	-0.0272140507812347	-0.0420455305349653	39.3798482604782	38.7014224905558	20
"66"	23	7.70579410752688	8.84774794809047	1313.6	1232.68965517241	-0.0209550553827023	-0.0302314623942213	60.6491950406129	59.7900535378798	20
"67"	27	13.7559162724014	14.4798140304042	465.366666666667	443.110344827586	-0.237181975707114	-0.273447371662966	30.733666580091	29.9164522658445	20
"68"	31	13.7559162724014	14.4798140304042	465.366666666667	443.110344827586	-0.166157194042028	-0.197042600653915	50.5839075648647	49.1342063584843	20
"69"	35	12.2678784516129	12.8693928987764	1023.1	1018.41379310345	-0.138958143425511	-0.205154787534369	35.4460982723843	33.8360224963153	20
"70"	39	12.2678784516129	12.8693928987764	1023.1	1018.41379310345	-0.0907193350641515	-0.141603660993253	56.0617776626961	53.8402791219287	20
"71"	43	10.4469449175627	11.0101284212087	1393.63333333333	1395.56206896552	-0.0235051691655416	-0.0770644448389602	39.2495515133761	37.5076420373969	20
"72"	47	10.4469449175627	11.0101284212087	1393.63333333333	1395.56206896552	-0.0190476313748803	-0.0854020128997187	60.6091773020517	57.6139241675068	20
"73"	51	15.3115497060932	14.8340098865406	397.5	417.779310344828	-0.410654310941166	-0.320970266436716	27.7094601378515	29.0061611699191	20
"74"	55	15.3115497060932	14.8340098865406	397.5	417.779310344828	-0.342157675730912	-0.275137261585142	45.4491177493662	47.2058756968023	20
"75"	59	13.7499909390681	13.3554140185391	919.766666666667	953.165517241379	-0.326340092412943	-0.326290507927357	29.9807225268369	31.5455587317885	20
"76"	63	13.7499909390681	13.3554140185391	919.766666666667	953.165517241379	-0.270793113257064	-0.300241440785919	48.1280190978912	49.9114638224773	20
"77"	67	11.8737492329749	11.5322437686318	1249.5	1299.41379310345	-0.1042823929677	-0.16801277538198	36.2396965126228	35.5610677496849	20
"78"	71	11.8737492329749	11.5322437686318	1249.5	1299.41379310345	-0.0648881232424245	-0.169239292897595	56.9165006658426	54.8846028515221	20
"79"	75	14.5190344086022	15.4875226740823	408.133333333333	436.351724137931	-0.334063104561311	-0.401533977870243	29.3784144119407	28.2700876207271	20
"80"	79	14.5190344086022	15.4875226740823	408.133333333333	436.351724137931	-0.263235456814496	-0.33845540010813	48.1467549738151	46.2749450920093	20
"81"	83	12.9832376487455	14.0065234601409	1035.9	1026.89310344828	-0.254390070484943	-0.328223961576974	32.5639051350277	31.7485062807153	20
"82"	87	12.9832376487455	14.0065234601409	1035.9	1026.89310344828	-0.170060058917765	-0.277182198778679	52.5706696850718	50.6023236872416	20
"83"	91	11.1755652043011	12.1965101787171	1427.96666666667	1409.43793103448	-0.0935055726021589	-0.171634317699589	37.3797472616573	35.4746130561257	20
"84"	95	11.1755652043011	12.1965101787171	1427.96666666667	1409.43793103448	-0.0479235266853702	-0.160866141663616	58.4265216350377	55.1224017637465	20
"85"	99	17.6950406738351	17.148967679644	360.066666666667	464.313793103448	-0.425517740361149	-0.341589533904181	25.2428079100982	28.8911508378832	20
"86"	103	17.6950406738351	17.148967679644	360.066666666667	464.313793103448	-0.330155591293077	-0.285520562845716	43.2106173177033	47.096290350275	20
"87"	107	16.1521451756272	15.694131243604	864.7	1092.17586206897	-0.347573122423269	-0.31228620623217	29.6193962123087	31.3709737154994	20
"88"	111	16.1521451756272	15.694131243604	864.7	1092.17586206897	-0.267957944598019	-0.243746014305633	48.6768045143549	50.4280555238087	20
"89"	115	14.3654435412186	13.8949763529848	1168.1	1449.53793103448	-0.21052033328496	-0.228055960981317	32.4152977346931	33.5249453315537	20
"90"	119	14.3654435412186	13.8949763529848	1168.1	1449.53793103448	-0.142363452534717	-0.208860426883288	52.7259168200275	52.7022233163646	20
"91"	4	11.6231441003584	12.2098008172043	387.833333333333	387.924137931034	-0.367666619519093	-0.274294477419422	28.2378744564127	29.9351485486135	20
"92"	8	11.6231441003584	12.2098008172043	387.833333333333	387.924137931034	-0.303698513543244	-0.210701551484953	46.1160529523805	49.0010675662261	20
"93"	12	10.0147096200717	10.637733592881	934.066666666667	911.38275862069	-0.102299437261313	-0.290143746693147	34.9342854377709	33.1054450503115	20
"94"	16	10.0147096200717	10.637733592881	934.066666666667	911.38275862069	-0.0491659163940736	-0.319035508267741	55.7688647406999	50.9188041809869	20
"95"	20	8.18990498924731	8.78769856136448	1300.33333333333	1256.26551724138	-0.0268539284388989	-0.110052656082851	39.5400697496079	37.6202631422614	20
"96"	24	8.18990498924731	8.78769856136448	1300.33333333333	1256.26551724138	-0.0207392387604941	-0.102106382764049	60.8070730537594	57.531179039808	20
"97"	28	15.3045020358423	14.7949146918799	350.1	432.779310344828	-0.544335388206541	-0.394261738765374	24.7576975348168	27.714204719278	20
"98"	32	15.3045020358423	14.7949146918799	350.1	432.779310344828	-0.453085223489106	-0.537391029952147	42.1484417715454	41.8854912126527	20
"99"	36	13.9014810752688	13.2514862929181	849.9	1006.3275862069	-0.397008346048264	-0.38281003583815	30.1330406917578	31.412989605468	20
"100"	40	13.9014810752688	13.2514862929181	849.9	1006.3275862069	-0.334712287214463	-0.40324020647103	48.4504639831276	48.6670089092218	20
"101"	44	12.1231811039427	11.4149205828699	1184.33333333333	1387.11724137931	-0.172851155950455	-0.24361360755703	35.4294536625252	35.1631068313143	20
"102"	48	12.1231811039427	11.4149205828699	1184.33333333333	1387.11724137931	-0.121364499716957	-0.239966035684407	55.8420348880058	54.3159596314722	20
"103"	52	15.7936959139785	14.6246857575083	408.966666666667	442.548275862069	-0.41639558482872	-0.340871063141905	27.1967669550294	29.1843144498775	20
"104"	56	15.7936959139785	14.6246857575083	408.966666666667	442.548275862069	-0.356378195576591	-0.376046372203163	44.7205080423089	45.3838199609296	20
"105"	60	14.3993239856631	13.1321788639229	911.3	1014.2275862069	-0.284686858070764	-0.332840309708322	30.8335685948631	32.1166207250059	20
"106"	64	14.3993239856631	13.1321788639229	911.3	1014.2275862069	-0.232686366943329	-0.4062367942495	49.1923939507488	49.0526020305182	20
"107"	68	12.6321126021505	11.319887461624	1248.33333333333	1392.47586206897	-0.169115115203088	-0.189885983149432	33.7066972230508	35.5421278354925	20
"108"	72	12.6321126021505	11.319887461624	1248.33333333333	1392.47586206897	-0.104000781093814	-0.201905065506414	53.4056759536859	54.5124962312494	20
"109"	76	16.1458839713262	15.6077566140156	410.3	445.296551724138	-0.342983211426179	-0.454053906968359	29.24839291218	28.1251429489992	20
"110"	80	16.1458839713262	15.6077566140156	410.3	445.296551724138	-0.275883049394576	-0.570921773211236	47.6513567962889	41.9809272080813	20
"111"	84	14.6608215913979	14.102208344086	1017.1	1025.78965517241	-0.356264718798617	-0.433765864705952	30.6692508126235	31.132662326458	20
"112"	88	14.6608215913979	14.102208344086	1017.1	1025.78965517241	-0.273962346401692	-0.44555600174831	49.7170952347051	48.4992329171388	20
"113"	92	12.9017475555556	12.2953070774935	1386.7	1408.84827586207	-0.239255590149934	-0.292839041414682	33.6746378540436	34.2871755147758	20
"114"	96	12.9017475555556	12.2953070774935	1386.7	1408.84827586207	-0.18990841710606	-0.297001705920546	53.2419104401844	52.7494100708184	20
"115"	100	17.643882437276	16.7883824160178	410.466666666667	484.579310344828	-0.468228938290372	-0.361444996526235	25.6726794292398	28.929403703462	20
"116"	104	17.643882437276	16.7883824160178	410.466666666667	484.579310344828	-0.421125807559425	-0.301160161695801	42.1558130361564	47.1978124994264	20
"117"	108	16.1888880143369	15.3490166674082	980.5	1111.12413793103	-0.40754062626037	-0.331535963867839	28.5908501655469	31.348209408273	20
"118"	112	16.1888880143369	15.3490166674082	980.5	1111.12413793103	-0.323431886629164	-0.3628411521119	46.4075390002403	48.4458955717659	20
"119"	116	14.3411821362007	13.5457192955135	1360.33333333333	1493.42413793103	-0.25561231439117	-0.275344279437328	32.0839448844903	32.8913708393776	20
"120"	120	14.3411821362007	13.5457192955135	1360.33333333333	1493.42413793103	-0.178856009517895	-0.282269629376068	51.9450803446299	51.3721174307213	20
