"rid"	"temp.short"	"temp.long"	"prec.short"	"prec.long"	"potential.short"	"potential.long"	"content.short"	"content.long"	"replicate"
"1"	1	11.226004	12.0042016077123	366.633333333333	386.1	-0.252409172329948	-0.232288094964213	31.141576036009	30.9854862604933	17
"2"	5	11.226004	12.0042016077123	366.633333333333	386.1	-0.209644777104444	-0.176655132246629	49.9487635706388	50.1536034721146	17
"3"	9	9.63017777777778	10.4197278680015	833.9	865.703448275862	-0.0934403373199493	-0.143591385139519	36.0489172531412	34.4824755718295	17
"4"	13	9.63017777777778	10.4197278680015	833.9	865.703448275862	-0.0639675541999672	-0.0881723570747042	57.083798428711	54.7471724562328	17
"5"	17	7.70082582078853	8.55227556989247	1132.33333333333	1182.83448275862	-0.0690735890043937	-0.0486130224877357	38.3318465646641	38.5436726367719	17
"6"	21	7.70082582078853	8.55227556989247	1132.33333333333	1182.83448275862	-0.0398496872525839	-0.0320930172190267	59.4957350592956	59.6105516328631	17
"7"	25	13.5555688028674	14.1904300897293	429.333333333333	445.531034482759	-0.240824429598943	-0.215971152392928	30.5864277784997	31.3302585102629	17
"8"	29	13.5555688028674	14.1904300897293	429.333333333333	445.531034482759	-0.194226588788016	-0.15430739861121	49.856128235048	51.2541850705886	17
"9"	33	11.9774751684588	12.6316897871709	989.066666666667	1028.36896551724	-0.171196332506457	-0.167008262617978	34.2046363019077	34.6083666612927	17
"10"	37	11.9774751684588	12.6316897871709	989.066666666667	1028.36896551724	-0.131613661511558	-0.116978028623749	54.4055493790284	55.0112107026497	17
"11"	41	10.1582884874552	10.783926877271	1360.06666666667	1417.44827586207	-0.0276332069434008	-0.0621639198887414	38.6620282670967	37.9582961082214	17
"12"	45	10.1582884874552	10.783926877271	1360.06666666667	1417.44827586207	-0.0208616274654983	-0.044569000187283	60.01434891999	59.0649206607959	17
"13"	49	15.2043932473118	15.1030253511309	410.433333333333	411.31724137931	-0.39786499928375	-0.337159130584892	27.5381456717285	29.1277950889985	17
"14"	53	15.2043932473118	15.1030253511309	410.433333333333	411.31724137931	-0.314209216121267	-0.267104812277108	46.0272765245479	47.9307892840378	17
"15"	57	13.5367156272401	13.5338783062662	943.733333333333	943.534482758621	-0.273170593636857	-0.262353730318958	31.5843119902222	32.5978031469087	17
"16"	61	13.5367156272401	13.5338783062662	943.733333333333	943.534482758621	-0.214102004712954	-0.209823296718855	50.5990143534847	51.9226708109629	17
"17"	65	11.6521449318996	11.6690390241009	1311.3	1306.84137931034	-0.0281098790706854	-0.0997699315340835	38.1146188740523	36.5636552040131	17
"18"	69	11.6521449318996	11.6690390241009	1311.3	1306.84137931034	-0.0214955841882082	-0.0657277922212843	59.4742446627279	57.3503774361645	17
"19"	73	15.0543554695341	15.2754494727475	401.433333333333	447.744827586207	-0.327344733461131	-0.276126113913928	28.7882277162927	30.3496191205168	17
"20"	77	15.0543554695341	15.2754494727475	401.433333333333	447.744827586207	-0.233274803916221	-0.218239029529161	48.1673255313952	49.3960042216608	17
"21"	81	13.59519790681	13.8121216907675	961.5	1005.27931034483	-0.288889197673132	-0.222550754589115	31.6444765639025	33.2252967702158	17
"22"	85	13.59519790681	13.8121216907675	961.5	1005.27931034483	-0.208514796854988	-0.174226056671567	51.3203498590013	52.6824837374485	17
"23"	89	11.8116988960573	12.0120608112718	1341.06666666667	1377.51034482759	-0.172102329339664	-0.119937434012646	34.9557638369162	36.1759350484613	17
"24"	93	11.8116988960573	12.0120608112718	1341.06666666667	1377.51034482759	-0.102528645118721	-0.0799796216920593	55.445673326567	56.8028337602327	17
"25"	97	18.3980895053763	17.2424338079347	394.766666666667	459.272413793103	-0.490216000220498	-0.371131326272874	25.8894992676544	27.983946054975	17
"26"	101	18.3980895053763	17.2424338079347	394.766666666667	459.272413793103	-0.39343026452939	-0.290177051463355	43.3247414320589	46.4801747338393	17
"27"	105	16.8955134336918	15.8212051271783	1019.5	1077.62413793103	-0.483392088323281	-0.352994957454902	28.6256068569606	30.3893340588159	17
"28"	109	16.8955134336918	15.8212051271783	1019.5	1077.62413793103	-0.379133106598954	-0.271654487542061	46.8226336338554	49.3055262709497	17
"29"	113	15.1136122150538	14.0317265939933	1369.1	1436.24137931034	-0.387748216962192	-0.269043143823009	29.8674403578602	32.5497901203214	17
"30"	117	15.1136122150538	14.0317265939933	1369.1	1436.24137931034	-0.323188783429311	-0.206794880096118	48.3805869059479	52.0630000754171	17
"31"	2	11.5776750824373	12.2137052324805	341.933333333333	385.920689655172	-0.351891167138161	-0.241441318855985	27.6251317488199	30.8838453584253	17
"32"	6	11.5776750824373	12.2137052324805	341.933333333333	385.920689655172	-0.287300120143306	-0.179111488048512	45.6500196092838	50.1376462847738	17
"33"	10	9.99294867383513	10.6353674912866	820.9	866.8	-0.148022181720906	-0.166771010300266	34.1900724578552	34.0504083211108	17
"34"	14	9.99294867383513	10.6353674912866	820.9	866.8	-0.0781901401374387	-0.103128166204445	55.006925354703	54.1437051725276	17
"35"	18	8.07844108960574	8.77974292028179	1132.93333333333	1185.97931034483	-0.0662176118733633	-0.0604591354714533	37.4403486378427	38.0574441921382	17
"36"	22	8.07844108960574	8.77974292028179	1132.93333333333	1185.97931034483	-0.0431967885537744	-0.0399365868187376	57.9960332779716	58.9525534787784	17
"37"	26	15.0269403297491	14.3790492992214	428.566666666667	448.324137931034	-0.328778359335801	-0.219751683697095	29.6236491695949	31.298162655811	17
"38"	30	15.0269403297491	14.3790492992214	428.566666666667	448.324137931034	-0.264383807592032	-0.155234839994456	48.5750459396819	51.1995573228889	17
"39"	34	13.4772537921147	12.8181414119392	1031	1039.62068965517	-0.241538884878377	-0.171112365397422	33.0936401848356	34.6204291205268	17
"40"	38	13.4772537921147	12.8181414119392	1031	1039.62068965517	-0.165254134475708	-0.123570301055085	52.9705062232092	54.926463050918	17
"41"	42	11.6401492759857	10.9742910522803	1467.3	1437.08275862069	-0.0756000190363688	-0.0666561674018625	36.5699353282287	37.9400634074556	17
"42"	46	11.6401492759857	10.9742910522803	1467.3	1437.08275862069	-0.0349149882534003	-0.048129374857237	57.8304840239471	58.9645328356354	17
"43"	50	14.8424953835125	15.0859073192436	437.533333333333	407.755172413793	-0.326602631463955	-0.342055317881323	30.3461812649998	29.3246821912668	17
"44"	54	14.8424953835125	15.0859073192436	437.533333333333	407.755172413793	-0.267298779277547	-0.272455087892201	49.5937536452542	48.1048649652351	17
"45"	58	13.1282203010753	13.5150947615869	1024.73333333333	943.886206896552	-0.273192716031484	-0.259116832789377	32.5821290154179	32.697048114761	17
"46"	62	13.1282203010753	13.5150947615869	1024.73333333333	943.886206896552	-0.214034488097016	-0.205285770631968	52.273825996991	52.0879711983442	17
"47"	66	11.2183167741935	11.6460892858732	1426.26666666667	1305.96896551724	-0.1034829823292	-0.110749678512507	36.6789608712051	36.5265282177727	17
"48"	70	11.2183167741935	11.6460892858732	1426.26666666667	1305.96896551724	-0.0660939111524045	-0.0741823278328304	57.7859773814793	57.2404601521067	17
"49"	74	15.3098159713262	15.3706219147201	402.466666666667	441.724137931034	-0.361963827168383	-0.298452715801555	29.0444165756661	30.310056423395	17
"50"	78	15.3098159713262	15.3706219147201	402.466666666667	441.724137931034	-0.279881786854736	-0.240252388307019	48.0363125200935	49.0921326955518	17
"51"	82	13.8784036272401	13.9032732502781	915.8	997.941379310345	-0.280335157741789	-0.238527721730467	31.8016081042916	33.0540485259456	17
"52"	86	13.8784036272401	13.9032732502781	915.8	997.941379310345	-0.220554377763347	-0.193402666148976	50.4492803258755	52.2628886583747	17
"53"	90	12.0673852473118	12.0993949736745	1301.23333333333	1370.1	-0.163368948001596	-0.129284519522988	34.1827699600955	36.0901291647147	17
"54"	94	12.0673852473118	12.0993949736745	1301.23333333333	1370.1	-0.0942539690947861	-0.0917931121068958	55.0344354890609	56.5955626665635	17
"55"	98	17.5844833405018	16.90663726066	474.266666666667	466.551724137931	-0.33402950092937	-0.353994529460997	27.1027473046204	28.5092208299228	17
"56"	102	17.5844833405018	16.90663726066	474.266666666667	466.551724137931	-0.223447776079478	-0.27783343146916	45.9242278166369	47.0671120517847	17
"57"	106	16.1925267096774	15.4909352717835	1155.2	1093.00344827586	-0.327666183520557	-0.327366779139555	29.7449486759859	30.7984446772384	17
"58"	110	16.1925267096774	15.4909352717835	1155.2	1093.00344827586	-0.224230127807444	-0.253747534623048	48.7328792046649	49.6917284264092	17
"59"	114	14.4139145376344	13.6970135780497	1583.23333333333	1461.73793103448	-0.230906247686777	-0.234427595890285	32.0635136003736	33.2736774629777	17
"60"	118	14.4139145376344	13.6970135780497	1583.23333333333	1461.73793103448	-0.140626752074702	-0.172797492435898	51.9494118972364	53.0196654920454	17
"61"	3	12.4254981362007	12.2597077196885	338.566666666667	391.793103448276	-0.257967634090108	-0.234945798703859	29.2620221330103	30.4190516709691	17
"62"	7	12.4254981362007	12.2597077196885	338.566666666667	391.793103448276	-0.199511555375004	-0.179948881865834	48.7153426541931	49.5474291923505	17
"63"	11	10.7647297491039	10.6752321972562	784.833333333333	894.903448275862	-0.215495292002896	-0.144428895028904	33.6761181196702	34.868261664871	17
"64"	15	10.7647297491039	10.6752321972562	784.833333333333	894.903448275862	-0.175870673366882	-0.104333728066434	53.4394045999056	55.0705704997478	17
"65"	19	8.85041807885305	8.835854063033	1064.33333333333	1227.91724137931	-0.0643404904295458	-0.0642542246332091	38.2930308856838	38.3572254731488	17
"66"	23	8.85041807885305	8.835854063033	1064.33333333333	1227.91724137931	-0.0431934033927426	-0.0413620513801208	59.315163933136	59.3681229859808	17
"67"	27	16.0716537921147	14.3999337441602	404.7	419.631034482759	-0.447241179668182	-0.322851233880105	27.8212279121731	29.566762955079	17
"68"	31	16.0716537921147	14.3999337441602	404.7	419.631034482759	-0.362164218733701	-0.238959372391731	46.3434298144033	48.659573802392	17
"69"	35	14.5881013189964	12.8647424975899	984.433333333333	974.544827586207	-0.382569386313473	-0.326714570005258	30.7989645800953	31.9878452342918	17
"70"	39	14.5881013189964	12.8647424975899	984.433333333333	974.544827586207	-0.309223494018844	-0.348611664197041	49.7771452372579	49.6968511867504	17
"71"	43	12.8064958996416	11.0408732665925	1365.5	1349.45862068966	-0.254925261232492	-0.187338843802596	33.2092355293018	35.5032051496363	17
"72"	47	12.8064958996416	11.0408732665925	1365.5	1349.45862068966	-0.180633589877866	-0.211457414561146	53.2764242227825	54.3768238016394	17
"73"	51	13.8081132043011	14.8104971390434	539.2	431.686206896552	-0.149799429128345	-0.313319683006408	33.1060804658435	29.3236755205717	17
"74"	55	13.8081132043011	14.8104971390434	539.2	431.686206896552	-0.104527942698061	-0.253994682003038	53.7382113442235	47.9966021737941	17
"75"	59	12.1387735913979	13.2942705613645	1227.13333333333	1029.1275862069	-0.176201154814862	-0.289292433422991	34.9792444335659	32.2849852470621	17
"76"	63	12.1387735913979	13.2942705613645	1227.13333333333	1029.1275862069	-0.125379422373658	-0.232154691355358	55.1724471965883	51.3872287639344	17
"77"	67	10.321832344086	11.4808930367075	1687.13333333333	1418.10344827586	-0.0208630581417853	-0.0971564857393604	39.5122173203215	37.0568486025168	17
"78"	71	10.321832344086	11.4808930367075	1687.13333333333	1418.10344827586	-0.0181477285886686	-0.0677447904695712	60.8718431089971	57.7243445586331	17
"79"	75	14.855588	15.2401404790508	523.766666666667	473.348275862069	-0.157795049522013	-0.305525427327601	32.3825931665393	29.8074423849972	17
"80"	79	14.855588	15.2401404790508	523.766666666667	473.348275862069	-0.105323830969772	-0.244941619179041	51.8554638652316	48.4789555630945	17
"81"	83	13.2992448315412	13.7449937026326	1175.26666666667	1084.33103448276	-0.163049985739818	-0.283165044451763	33.5454274869464	32.3762879097252	17
"82"	87	13.2992448315412	13.7449937026326	1175.26666666667	1084.33103448276	-0.104406864852022	-0.22118643599095	52.689662302693	51.5348471004728	17
"83"	91	11.4193454910394	11.9229433489062	1665.13333333333	1493.02413793103	-0.0462178382534839	-0.154360192954869	37.5657908910105	35.8174664689022	17
"84"	95	11.4193454910394	11.9229433489062	1665.13333333333	1493.02413793103	-0.0262484654551986	-0.148051631440049	58.9005457520043	55.6193899907811	17
"85"	99	17.3812606308244	17.3126729803485	525.1	454.103448275862	-0.285564547136863	-0.44689502234919	29.1277028938651	27.5269045349461	17
"86"	103	17.3812606308244	17.3126729803485	525.1	454.103448275862	-0.184841322041953	-0.379373930727632	48.6444122496052	44.9572539592594	17
"87"	107	16.021177734767	15.9187320222469	1205.36666666667	1077.43103448276	-0.308627623707922	-0.382863366425574	30.954979275411	30.5571609875684	17
"88"	111	16.021177734767	15.9187320222469	1205.36666666667	1077.43103448276	-0.225538718331901	-0.361090799665798	49.7983707974769	48.2681067131059	17
"89"	115	14.2628615340502	14.1397740318873	1653.76666666667	1448.90689655172	-0.222844553609335	-0.281362516362516	32.500673268941	32.4928082428506	17
"90"	119	14.2628615340502	14.1397740318873	1653.76666666667	1448.90689655172	-0.139304761631644	-0.32090628912745	52.4473450861652	50.1929219117404	17
"91"	4	12.2540425376344	11.9084564404894	352.333333333333	362.941379310345	-0.392884721649961	-0.308234178905798	28.5463792356356	29.2243148571073	17
"92"	8	12.2540425376344	11.9084564404894	352.333333333333	362.941379310345	-0.332916829555218	-0.249621773301061	46.6959326807688	47.8488459128267	17
"93"	12	10.643695655914	10.3586796129032	801.133333333333	853.948275862069	-0.285006535412536	-0.278986327533805	32.2761416174649	33.406439149877	17
"94"	16	10.643695655914	10.3586796129032	801.133333333333	853.948275862069	-0.217501479079693	-0.289424996083643	51.6155233371247	51.6909398080893	17
"95"	20	8.81789062365591	8.50396286985539	1115.06666666667	1176.41724137931	-0.0698563651091376	-0.133963674747115	37.7066429784872	37.0760500654752	17
"96"	24	8.81789062365591	8.50396286985539	1115.06666666667	1176.41724137931	-0.0360864674961184	-0.134747009291494	58.8271557495317	56.5696557801716	17
"97"	28	15.2814232688172	14.8304088616982	355.4	430.489655172414	-0.477121016078249	-0.311483658327305	26.6959556158272	29.3057895635036	17
"98"	32	15.2814232688172	14.8304088616982	355.4	430.489655172414	-0.387405264497855	-0.230833825444426	45.1210204990532	48.38645079407	17
"99"	36	13.6611755268817	13.2652899443826	917.466666666667	999.065517241379	-0.354109723168405	-0.3321186661319	31.6159963524751	31.8327184824186	17
"100"	40	13.6611755268817	13.2652899443826	917.466666666667	999.065517241379	-0.302345169810693	-0.316258974950543	50.6752683352169	49.9387602598391	17
"101"	44	11.8608796272401	11.4338105376344	1229	1368.83103448276	-0.203490438149528	-0.220387752852947	35.1872615069064	35.3449243863034	17
"102"	48	11.8608796272401	11.4338105376344	1229	1368.83103448276	-0.150199938960746	-0.224449099049485	55.5104634803305	54.1879537432678	17
"103"	52	14.3486458494624	14.3616389721913	555.533333333333	462.006896551724	-0.123594869566265	-0.290949881591735	34.0882063319086	29.8774266642862	17
"104"	56	14.3486458494624	14.3616389721913	555.533333333333	462.006896551724	-0.067252881811487	-0.236226226535937	54.9139540558763	48.681681353553	17
"105"	60	12.7371778781362	12.8532757315536	1151.76666666667	1037.76896551724	-0.136015441249564	-0.295337113103247	34.9283061369642	32.6463172778222	17
"106"	64	12.7371778781362	12.8532757315536	1151.76666666667	1037.76896551724	-0.076648925146232	-0.302465882767602	55.2563485377637	50.7611777963529	17
"107"	68	10.8851550107527	11.0309285190953	1582.86666666667	1413.93793103448	-0.0325329658952834	-0.170879776180372	38.9548466495921	36.1895933716754	17
"108"	72	10.8851550107527	11.0309285190953	1582.86666666667	1413.93793103448	-0.0209188657993197	-0.176139178415761	60.3097171668226	55.6116878317042	17
"109"	76	15.7178676129032	15.5491319154616	416.833333333333	434.379310344828	-0.424577022847169	-0.363034939401773	28.3415168330196	29.0563125013061	17
"110"	80	15.7178676129032	15.5491319154616	416.833333333333	434.379310344828	-0.3433922195649	-0.25590970863505	46.3217318322165	48.5336194369708	17
"111"	84	14.2235276129032	14.0345895394883	1070.86666666667	1013.35172413793	-0.316674022624014	-0.376954571777382	30.7529427173224	31.3546559120505	17
"112"	88	14.2235276129032	14.0345895394883	1070.86666666667	1013.35172413793	-0.255170149399939	-0.361182198739542	49.3188876258022	49.1252949716296	17
"113"	92	12.3910727311828	12.2161421698183	1501.33333333333	1385.95517241379	-0.146776701994915	-0.260665700790922	36.1223451493108	34.4278540840359	17
"114"	96	12.3910727311828	12.2161421698183	1501.33333333333	1385.95517241379	-0.124304384717269	-0.25722520318359	56.5136689366413	53.161635628655	17
"115"	100	17.5393164301075	17.0039103566926	376.466666666667	482.420689655172	-0.445607474854915	-0.361531569161353	27.0041466835149	29.4217611817144	17
"116"	104	17.5393164301075	17.0039103566926	376.466666666667	482.420689655172	-0.377908417168574	-0.335335961116185	43.72711280196	47.1513394587548	17
"117"	108	16.0393370322581	15.5557348476085	937.466666666667	1125.50689655172	-0.328889156746068	-0.367976022170756	30.9293344516208	31.3843196351357	17
"118"	112	16.0393370322581	15.5557348476085	937.466666666667	1125.50689655172	-0.241635563983043	-0.383112150625176	49.7752320937905	49.1518471652865	17
"119"	116	14.2038800573477	13.738017214683	1302.4	1512.95172413793	-0.192286855032037	-0.333488633594372	34.3852757193144	32.7360748121281	17
"120"	120	14.2038800573477	13.738017214683	1302.4	1512.95172413793	-0.139756952474372	-0.331037850838895	54.6220106236242	51.279977487489	17
