"rid"	"temp.short"	"temp.long"	"prec.short"	"prec.long"	"potential.short"	"potential.long"	"content.short"	"content.long"	"replicate"
"1"	1	12.0891329318996	11.990047483871	310.433333333333	364	-0.450212944963539	-0.294077353158173	26.2566080258767	29.7459120613439	20
"2"	5	12.0891329318996	11.990047483871	310.433333333333	364	-0.382149173495903	-0.240611462240783	43.7363070294566	48.3702912566451	20
"3"	9	10.6174458351254	10.4252000103819	790.3	842.172413793103	-0.251595797212742	-0.180462360909061	33.0320766248427	34.4440141267073	20
"4"	13	10.6174458351254	10.4252000103819	790.3	842.172413793103	-0.20038266284718	-0.138159201090707	52.1949709668103	54.2896157742887	20
"5"	17	8.8081634265233	8.56543241527623	1104.76666666667	1162.9	-0.0840910818095872	-0.067995752497489	38.0085871334789	38.2195261819159	20
"6"	21	8.8081634265233	8.56543241527623	1104.76666666667	1162.9	-0.0502054539646507	-0.0449546597383395	59.0154047687608	59.2212463368856	20
"7"	25	15.0574972903226	14.4440708209121	480.866666666667	450.889655172414	-0.217920780297892	-0.226266524890116	30.9211362956055	31.0181751419305	20
"8"	29	15.0574972903226	14.4440708209121	480.866666666667	450.889655172414	-0.128819848426196	-0.159488347535794	51.3242056881167	50.6525418840863	20
"9"	33	13.5121100358423	12.8799986844642	1065.43333333333	1015.77586206897	-0.182010074428809	-0.180487254928422	33.7824190401626	34.1416023633515	20
"10"	37	13.5121100358423	12.8799986844642	1065.43333333333	1015.77586206897	-0.129673605482786	-0.13353990469357	54.2556741013144	54.427212500509	20
"11"	41	11.6002543082437	11.0313357434186	1535.93333333333	1396.18275862069	-0.156873797662131	-0.107066413425912	36.35893601276	37.3644167959058	20
"12"	45	11.6002543082437	11.0313357434186	1535.93333333333	1396.18275862069	-0.11265020479862	-0.0811661846601004	56.8780002806473	58.1557779728896	20
"13"	49	14.9512686451613	14.8932604760845	435	435.524137931034	-0.229955331770037	-0.282067478751568	30.3670893062458	30.1367601753458	20
"14"	53	14.9512686451613	14.8932604760845	435	435.524137931034	-0.144300253569187	-0.208923519613108	50.2547916591945	49.3703652383502	20
"15"	57	13.4773723154122	13.350662143122	1027.76666666667	1018.1724137931	-0.214861669262026	-0.224574946909162	33.1624302285761	33.0380995583128	20
"16"	61	13.4773723154122	13.350662143122	1027.76666666667	1018.1724137931	-0.134789267196578	-0.163459812993222	53.2377267367347	52.7588282197805	20
"17"	65	11.6910942222222	11.5249677315536	1413.73333333333	1410.9	-0.0397746971736139	-0.0713747603656463	38.1379204127556	37.4762346773988	20
"18"	69	11.6910942222222	11.5249677315536	1413.73333333333	1410.9	-0.0238979468866023	-0.0495265124765936	59.4960441886281	58.3890266417945	20
"19"	73	15.2085468530466	15.3812052443456	402.433333333333	418.355172413793	-0.392833262666444	-0.384958354816817	29.023656994061	28.5256627981916	20
"20"	77	15.2085468530466	15.3812052443456	402.433333333333	418.355172413793	-0.334104129990766	-0.310326487305722	46.8841484221796	46.7093503879762	20
"21"	81	13.7655797706093	13.9120775513534	973.6	1007.83103448276	-0.359316775998264	-0.310449177563886	31.124502278282	31.6117885989184	20
"22"	85	13.7655797706093	13.9120775513534	973.6	1007.83103448276	-0.286673083823178	-0.250354469070184	49.4747008513711	50.273247438048	20
"23"	89	11.951138781362	12.1015525176122	1316.93333333333	1400.8	-0.152485029233178	-0.119337237016704	35.713627820331	36.3244287143602	20
"24"	93	11.951138781362	12.1015525176122	1316.93333333333	1400.8	-0.100933520085856	-0.081165811252197	56.3330905249479	56.9620898879565	20
"25"	97	17.1165616487455	17.3560086258806	520.733333333333	455.08275862069	-0.346433310584383	-0.37946730096562	30.8023379229145	28.5864007905913	20
"26"	101	17.1165616487455	17.3560086258806	520.733333333333	455.08275862069	-0.300625342294195	-0.313868691248777	49.7470586542173	46.8538115052534	20
"27"	105	15.6123952114695	15.9306105005562	1151.53333333333	1068.71034482759	-0.336333959302461	-0.355066083168755	31.7596511860206	30.6109628736209	20
"28"	109	15.6123952114695	15.9306105005562	1151.53333333333	1068.71034482759	-0.280022217470471	-0.290518888037913	50.8310663109107	49.2670712716738	20
"29"	113	13.8311156272401	14.1537113325918	1528.26666666667	1436.50344827586	-0.280952632936716	-0.267686706384899	32.8198236081422	32.6041093050512	20
"30"	117	13.8311156272401	14.1537113325918	1528.26666666667	1436.50344827586	-0.23731566462668	-0.211986397973735	51.9550525081843	51.8120014852089	20
"31"	2	11.3915999283154	12.0799948001483	403.6	369.796551724138	-0.232024777024001	-0.285407446761685	30.5553434102096	30.0429345527071	20
"32"	6	11.3915999283154	12.0799948001483	403.6	369.796551724138	-0.161758598908952	-0.233379615966203	49.7680489645472	48.6760938310936	20
"33"	10	9.77727452329749	10.5038466236559	927.8	850.08275862069	-0.0535389121118833	-0.175221852374144	37.4644980973846	34.4626470691986	20
"34"	14	9.77727452329749	10.5038466236559	927.8	850.08275862069	-0.0292064775757802	-0.133353706735651	58.6122924290276	54.2414349385189	20
"35"	18	7.87685915412186	8.6131790063033	1269.23333333333	1164.2724137931	-0.017919138075364	-0.0689513187952437	39.9103206831336	38.2502839290105	20
"36"	22	7.87685915412186	8.6131790063033	1269.23333333333	1164.2724137931	-0.0169880305827018	-0.0457359344151802	61.2194209805964	59.2265090319272	20
"37"	26	14.6423748100358	14.599167965888	478.033333333333	439.686206896552	-0.216734121826866	-0.277203519815455	31.8445799927214	30.174858134784	20
"38"	30	14.6423748100358	14.599167965888	478.033333333333	439.686206896552	-0.133246253137001	-0.218288523744242	52.1630548536837	49.4711533570891	20
"39"	34	13.1429161577061	13.0530541460882	1107.6	1005.42413793103	-0.179982805111924	-0.224148984237314	33.9937245526203	33.4151569656657	20
"40"	38	13.1429161577061	13.0530541460882	1107.6	1005.42413793103	-0.101670209423083	-0.181877263936835	54.5343786387339	53.3157430287127	20
"41"	42	11.286686265233	11.2155263893215	1550.13333333333	1371.8275862069	-0.0752502865145914	-0.123636529741286	36.4171605760311	36.8166398944864	20
"42"	46	11.286686265233	11.2155263893215	1550.13333333333	1371.8275862069	-0.0349243621329051	-0.0944822496234144	57.7283200906517	57.4604692478371	20
"43"	50	14.4696938064516	14.9439830537634	445.8	433.072413793103	-0.234267790271355	-0.315982968284362	32.3481793625823	29.7568176224532	20
"44"	54	14.4696938064516	14.9439830537634	445.8	433.072413793103	-0.196718082593692	-0.247566973474147	52.2879825917448	48.6041248234668	20
"45"	58	12.8207003870968	13.3600469440119	1049.16666666667	1012.71034482759	-0.230091391457356	-0.263049865717808	34.2142087061864	32.3727296742391	20
"46"	62	12.8207003870968	13.3600469440119	1049.16666666667	1012.71034482759	-0.196007815138646	-0.21210465419112	54.085874540527	51.5873507397508	20
"47"	66	10.9483172329749	11.5234693585465	1464.5	1400.78620689655	-0.132006401688383	-0.0745366631114079	37.2616056744989	37.304999336671	20
"48"	70	10.9483172329749	11.5234693585465	1464.5	1400.78620689655	-0.104908216846061	-0.0513757159049952	57.858781398605	58.1572252057755	20
"49"	74	14.8365118422939	15.3486268906192	460.166666666667	456.793103448276	-0.257560691486489	-0.304593228214035	31.0921915897074	29.819204305759	20
"50"	78	14.8365118422939	15.3486268906192	460.166666666667	456.793103448276	-0.200862145993932	-0.237083532929777	50.7127710733237	48.5368648258441	20
"51"	82	13.3535519426523	13.8520684167594	962.6	1059.46206896552	-0.179468819907844	-0.268965335377772	33.9963648645755	32.2824008992118	20
"52"	86	13.3535519426523	13.8520684167594	962.6	1059.46206896552	-0.141372176071635	-0.211848892206693	53.3438760753799	51.2781814168179	20
"53"	90	11.5459457634409	12.0268137322951	1344.6	1473.59655172414	-0.0875247191471179	-0.13414896261948	36.0867688154361	36.0760174350526	20
"54"	94	11.5459457634409	12.0268137322951	1344.6	1473.59655172414	-0.0427187719651575	-0.0971805435778775	57.0044443212305	56.5645439310507	20
"55"	98	17.2930765017921	17.5259688616982	487.866666666667	449.320689655172	-0.343885911557039	-0.38614845984724	26.6535667120394	27.9302679795111	20
"56"	102	17.2930765017921	17.5259688616982	487.866666666667	449.320689655172	-0.234267261489784	-0.308462626947136	45.4663261778494	46.2371654943275	20
"57"	106	15.918566437276	16.1163308253615	1130.16666666667	1057.58620689655	-0.339912099197711	-0.348883823809117	29.9502067066232	30.4086260593385	20
"58"	110	15.918566437276	16.1163308253615	1130.16666666667	1057.58620689655	-0.257015926791291	-0.276977737204891	48.7242758921854	49.2200889185584	20
"59"	114	14.1331142078853	14.3341440786059	1536.33333333333	1425.41724137931	-0.277576406472461	-0.273641814567196	31.6845500601883	32.284181811466	20
"60"	118	14.1331142078853	14.3341440786059	1536.33333333333	1425.41724137931	-0.199635435128248	-0.21287296730162	51.0105266165364	51.5567010738117	20
"61"	3	11.3346531612903	11.5722159510567	404.033333333333	393.48275862069	-0.202849997086124	-0.23995052328655	31.5753472485206	30.6813229158501	20
"62"	7	11.3346531612903	11.5722159510567	404.033333333333	393.48275862069	-0.154194293697116	-0.175598787775056	51.2029671278817	49.6701070300084	20
"63"	11	9.7705276702509	9.96830447460141	880.133333333333	897.248275862069	-0.0345631022717791	-0.122252359351794	37.9176153546477	35.4282026876647	20
"64"	15	9.7705276702509	9.96830447460141	880.133333333333	897.248275862069	-0.0232215205425496	-0.0692041894763254	59.2768202619513	56.1859547344889	20
"65"	19	7.88651552688172	8.08228916129032	1201.4	1226.3	-0.0265453413951971	-0.0345443745156821	39.4509731610345	39.0615834420099	20
"66"	23	7.88651552688172	8.08228916129032	1201.4	1226.3	-0.0215101255107251	-0.0238203893842778	60.4108580560812	60.2570949404535	20
"67"	27	14.0190874265233	13.951539323693	459.7	445.696551724138	-0.200167638684813	-0.282259151367564	30.953471224679	29.9807558528657	20
"68"	31	14.0190874265233	13.951539323693	459.7	445.696551724138	-0.118280589316139	-0.208720628426377	50.8265990175034	49.3595133066625	20
"69"	35	12.3910955125448	12.409604572488	1083.66666666667	1013.27931034483	-0.155177115113097	-0.248269095595221	34.3894568784075	33.3026624684051	20
"70"	39	12.3910955125448	12.409604572488	1083.66666666667	1013.27931034483	-0.0783943639665762	-0.228518452787046	55.1385466709201	52.492007434052	20
"71"	43	10.5523225949821	10.5721992361884	1457.7	1374.35517241379	-0.0249622527855384	-0.134946451977005	39.0084419042761	36.7393478930282	20
"72"	47	10.5523225949821	10.5721992361884	1457.7	1374.35517241379	-0.019819048325267	-0.149529473040689	60.3680676929518	56.4040476869698	20
"73"	51	14.9734696917563	14.7549146562848	396.866666666667	429.493103448276	-0.358633335322095	-0.365584819134548	28.3844527130497	28.9884989644939	20
"74"	55	14.9734696917563	14.7549146562848	396.866666666667	429.493103448276	-0.287965061816102	-0.28445783046014	47.4205145183887	47.888433975191	20
"75"	59	13.6249087885305	13.2015524686689	926.533333333333	1010.05862068966	-0.361536951130173	-0.344393582699772	30.6280492935384	31.3110425517626	20
"76"	63	13.6249087885305	13.2015524686689	926.533333333333	1010.05862068966	-0.292536357397796	-0.343707603297983	49.3918299473902	49.4941073586468	20
"77"	67	11.8691063655914	11.3451807816092	1268.4	1384.71724137931	-0.179422345916825	-0.139130776895834	34.4656550827004	36.0149291130608	20
"78"	71	11.8691063655914	11.3451807816092	1268.4	1384.71724137931	-0.13012074319743	-0.194432052998828	54.245039843478	54.7155537864552	20
"79"	75	15.4811905663082	15.3280208246199	412.9	437.396551724138	-0.486860470628399	-0.385881374296347	25.2053330894957	28.2611628639861	20
"80"	79	15.4811905663082	15.3280208246199	412.9	437.396551724138	-0.390369239514817	-0.318240707547001	42.9665462170142	46.6987036508408	20
"81"	83	14.0709358136201	13.8391094119392	1041.2	1026.46206896552	-0.32554863890419	-0.33056249928297	31.0557800504825	31.7519110425406	20
"82"	87	14.0709358136201	13.8391094119392	1041.2	1026.46206896552	-0.268835899352238	-0.332260932549862	49.664335162828	49.6670264936228	20
"83"	91	12.2731925734767	12.0401837093066	1461.86666666667	1424.23448275862	-0.123200587801747	-0.206035081287687	35.8681612573711	35.0023991634213	20
"84"	95	12.2731925734767	12.0401837093066	1461.86666666667	1424.23448275862	-0.0842294693513239	-0.236316856638414	56.5751546530962	53.7477441963077	20
"85"	99	18.4346184946237	17.57641052132	491.066666666667	431.220689655172	-0.271876470912557	-0.381389240996225	29.2497026844139	27.713878132296	20
"86"	103	18.4346184946237	17.57641052132	491.066666666667	431.220689655172	-0.198404015501535	-0.313952216092253	48.7980995031528	45.693681889757	20
"87"	107	16.9584747383513	16.1117049328884	1164.46666666667	1023.09655172414	-0.294972219127876	-0.365002127276112	31.4417239803216	30.4955122523125	20
"88"	111	16.9584747383513	16.1117049328884	1164.46666666667	1023.09655172414	-0.211644073710412	-0.290603901419015	50.9846471896578	49.526472925533	20
"89"	115	15.1049012043011	14.3110732814238	1510.5	1364.65517241379	-0.236716900724248	-0.301707936475837	32.7499520992268	32.1237921933811	20
"90"	119	15.1049012043011	14.3110732814238	1510.5	1364.65517241379	-0.174986544946941	-0.256514988427881	52.3113265204182	51.3503468246672	20
"91"	4	12.8541506810036	12.2270161512792	352.633333333333	367.624137931035	-0.389838806240483	-0.345713728961165	27.7008009262789	28.6340765239186	20
"92"	8	12.8541506810036	12.2270161512792	352.633333333333	367.624137931035	-0.33331614792367	-0.243458401554423	45.6587161361418	48.0579481138196	20
"93"	12	11.3581557562724	10.6587790122358	894	843.41724137931	-0.188348516979409	-0.312446087449747	34.5108391239246	32.6429950467934	20
"94"	16	11.3581557562724	10.6587790122358	894	843.41724137931	-0.142433563999409	-0.320919468227755	54.6554977090347	50.8571998413647	20
"95"	20	9.51669037992832	8.80657604746014	1227.56666666667	1164.66896551724	-0.0494725442300137	-0.11874306484556	38.9790344986183	36.8757097056064	20
"96"	24	9.51669037992832	8.80657604746014	1227.56666666667	1164.66896551724	-0.0294137287428787	-0.148217979183642	60.1793966335738	56.0329436046677	20
"97"	28	15.059775125448	14.6381631738969	487.033333333333	423.641379310345	-0.176947315688007	-0.403995663928414	31.1728370467517	28.2533986515789	20
"98"	32	15.059775125448	14.6381631738969	487.033333333333	423.641379310345	-0.0927211953630879	-0.398432528366678	51.6680217397307	45.4974812649902	20
"99"	36	13.400932172043	13.0500955847238	1081.2	1014.87586206897	-0.116426598177299	-0.350155436410889	35.2229938540463	32.2359207064167	20
"100"	40	13.400932172043	13.0500955847238	1081.2	1014.87586206897	-0.0612125224716572	-0.329582989498122	56.1318556252415	50.5923136600293	20
"101"	44	11.4413536487455	11.2048076307008	1511.53333333333	1400.86206896552	-0.0634977536808139	-0.202273583010315	38.138177144912	35.6886080469838	20
"102"	48	11.4413536487455	11.2048076307008	1511.53333333333	1400.86206896552	-0.0348061946467693	-0.215646691618938	59.3588951637938	54.635656966568	20
"103"	52	15.2834156702509	14.5961106889136	403.566666666667	448.827586206897	-0.236874042997493	-0.333424932516688	29.9996967514063	29.3217027029909	20
"104"	56	15.2834156702509	14.5961106889136	403.566666666667	448.827586206897	-0.157953403033163	-0.269191701895962	49.6463755468072	48.1025943830346	20
"105"	60	13.7395154551971	13.0271479644049	907.766666666667	1022.34137931034	-0.281630924803978	-0.31956521241921	31.3630652260596	32.1429640921926	20
"106"	64	13.7395154551971	13.0271479644049	907.766666666667	1022.34137931034	-0.208237112982646	-0.301426760111907	50.8167561022317	50.6585139457743	20
"107"	68	11.918695655914	11.197701810901	1254.36666666667	1400.92068965517	-0.100362340642635	-0.146162408882566	36.1435035399462	36.1302689416564	20
"108"	72	11.918695655914	11.197701810901	1254.36666666667	1400.92068965517	-0.0709284252492187	-0.143161721661003	57.0051952125839	56.0756874179622	20
"109"	76	14.889092688172	15.3640278754171	474.533333333333	463.9	-0.353653351784521	-0.322965889935823	30.1582984948223	29.3612319593615	20
"110"	80	14.889092688172	15.3640278754171	474.533333333333	463.9	-0.285666604337939	-0.261290217814315	49.0996335987727	47.8155286797267	20
"111"	84	13.388614078853	13.8753595728587	1094.1	1076.75517241379	-0.322650832346708	-0.378835128007393	31.6559461376262	31.2146336566171	20
"112"	88	13.388614078853	13.8753595728587	1094.1	1076.75517241379	-0.265898285620387	-0.381055388743754	50.7896668974144	48.6898777581651	20
"113"	92	11.5381589247312	12.0440440711902	1492.9	1494.20344827586	-0.153724469463958	-0.253720199329293	35.5778063886838	34.6124179401267	20
"114"	96	11.5381589247312	12.0440440711902	1492.9	1494.20344827586	-0.104497755011789	-0.265649815207652	56.1763793258076	53.1037543702366	20
"115"	100	16.7290158709677	17.2868176418242	490.366666666667	451.865517241379	-0.319435124965816	-0.451011382257808	29.9316916166639	27.6197113534148	20
"116"	104	16.7290158709677	17.2868176418242	490.366666666667	451.865517241379	-0.262509469655662	-0.401660542225978	48.542047252494	44.731900419839	20
"117"	108	15.228187827957	15.8523973096033	1117.8	1085.09310344828	-0.272386375347311	-0.410120524994043	32.1978430541999	30.3288599649548	20
"118"	112	15.228187827957	15.8523973096033	1117.8	1085.09310344828	-0.215857818304875	-0.448806497185915	51.6418563539738	46.8695623725384	20
"119"	116	13.439587827957	14.0597205873192	1467.3	1458.29655172414	-0.2276771703143	-0.351351159742436	33.3912089402914	32.1735649400489	20
"120"	120	13.439587827957	14.0597205873192	1467.3	1458.29655172414	-0.181838502394349	-0.374886340376203	52.7917117078642	49.6705167142036	20
