"rid"	"temp.short"	"temp.long"	"prec.short"	"prec.long"	"potential.short"	"potential.long"	"content.short"	"content.long"	"replicate"
"1"	1	12.6892753261649	11.8325537500927	382.633333333333	405.393103448276	-0.305797897441718	-0.203492649196412	29.743200838113	31.1137503383832	12
"2"	5	12.6892753261649	11.8325537500927	382.633333333333	405.393103448276	-0.246015494024313	-0.146445351349228	47.8183335582306	50.5773359959034	12
"3"	9	10.9864345232975	10.2322577604746	875.8	920.293103448276	-0.198251976130206	-0.127207352218422	33.3867917481789	35.373023053482	12
"4"	13	10.9864345232975	10.2322577604746	875.8	920.293103448276	-0.151423401552972	-0.0928734635369838	52.7450949488254	55.6748011328425	12
"5"	17	9.09920546236559	8.37492082758621	1215.8	1271.82068965517	-0.0457913811968069	-0.0444892536238311	38.60843411777	39.005118988121	12
"6"	21	9.09920546236559	8.37492082758621	1215.8	1271.82068965517	-0.0260942437456914	-0.0337557517389068	59.8074392300096	60.0991470305921	12
"7"	25	13.5585918709677	13.9172576892844	485.8	445.372413793103	-0.113098109455333	-0.221241366561764	33.2222577629734	31.2162523727622	12
"8"	29	13.5585918709677	13.9172576892844	485.8	445.372413793103	-0.054999515187323	-0.16768807570012	54.3751458506207	50.5007969042446	12
"9"	33	11.8668251326165	12.3245657115313	1067.36666666667	1007.95517241379	-0.0701738510005618	-0.172549378653462	36.0279148799429	34.0798803698792	12
"10"	37	11.8668251326165	12.3245657115313	1067.36666666667	1007.95517241379	-0.0341573122636682	-0.124201909686385	57.3337980593118	54.2115282595143	12
"11"	41	9.9305376344086	10.4641551130886	1412.8	1378.74827586207	-0.0249519603051372	-0.0639265479756617	39.0684762200438	37.8434881286598	12
"12"	45	9.9305376344086	10.4641551130886	1412.8	1378.74827586207	-0.0197612842171587	-0.0446925966337755	60.4281020087195	58.9160711740481	12
"13"	49	15.2754794551971	14.330929822766	394.333333333333	440.958620689655	-0.395946978946448	-0.251771913296548	27.9257271795963	30.3853340492693	12
"14"	53	15.2754794551971	14.330929822766	394.333333333333	440.958620689655	-0.286049105799692	-0.185171563869471	46.592583572853	49.9121802564252	12
"15"	57	13.6314136774194	12.8040906577679	907.6	1025.94137931034	-0.24558822074027	-0.227530343795696	32.0340088727834	33.3258683218306	12
"16"	61	13.6314136774194	12.8040906577679	907.6	1025.94137931034	-0.173948123637687	-0.165674020291715	51.5438599339879	53.1914508158618	12
"17"	65	11.7317531469534	10.9781333540971	1241	1403.58965517241	-0.078061721340493	-0.0791436071425501	37.4172550544713	37.7126296781839	12
"18"	69	11.7317531469534	10.9781333540971	1241	1403.58965517241	-0.0523247792586703	-0.0557993870828927	58.4659300679241	58.6312975342159	12
"19"	73	15.9679610322581	15.4528105287356	379.166666666667	441.844827586207	-0.337965633574684	-0.329853303382586	28.0891047421702	28.5771137101971	12
"20"	77	15.9679610322581	15.4528105287356	379.166666666667	441.844827586207	-0.284498577154347	-0.260589235263243	45.5362730523679	47.207083811202	12
"21"	81	14.5471440716846	13.965325054505	850.866666666667	1018.95862068966	-0.257162104481367	-0.27068965622165	31.8502202030366	32.0436138812056	12
"22"	85	14.5471440716846	13.965325054505	850.866666666667	1018.95862068966	-0.200085855084901	-0.206227264088043	50.5966005839561	51.1342395452324	12
"23"	89	12.7881202724014	12.1723633222099	1182.23333333333	1402.94137931034	-0.127593949736385	-0.12128873506971	35.4510981318397	35.9897538614693	12
"24"	93	12.7881202724014	12.1723633222099	1182.23333333333	1402.94137931034	-0.076558786951708	-0.0799505826933497	55.8202554619397	56.6138843407149	12
"25"	97	17.0132548673835	17.0175076307008	436.7	452.875862068965	-0.327218633213423	-0.3012259388635	28.5223537222326	29.7406318699567	12
"26"	101	17.0132548673835	17.0175076307008	436.7	452.875862068965	-0.253075073243894	-0.232735752647036	48.0813312595436	48.8827644104798	12
"27"	105	15.6428057060932	15.6007760074156	1013.5	1062.1	-0.359501387783557	-0.282077790053971	29.4911813160017	31.776463774927	12
"28"	109	15.6428057060932	15.6007760074156	1013.5	1062.1	-0.271124891838523	-0.221645066748073	48.4587782414515	51.0115120492252	12
"29"	113	13.8937255483871	13.8110094549499	1372.66666666667	1409.5724137931	-0.226386658612564	-0.195619724220496	33.7723638736819	33.8981153264436	12
"30"	117	13.8937255483871	13.8110094549499	1372.66666666667	1409.5724137931	-0.17608224377	-0.147360601764138	53.7993566157853	53.7910445527468	12
"31"	2	11.3468042867384	11.9385369254727	413.2	402.472413793103	-0.0867386289357955	-0.228290250276241	33.3968020497226	30.7906531333868	12
"32"	6	11.3468042867384	11.9385369254727	413.2	402.472413793103	-0.0506354022471635	-0.169870169736259	54.0577967117419	50.1494057954408	12
"33"	10	9.6381218781362	10.3673918205413	947.3	912.934482758621	-0.0289317884175145	-0.136508149371641	38.1069483206572	35.0972066790421	12
"34"	14	9.6381218781362	10.3673918205413	947.3	912.934482758621	-0.0218898174784777	-0.0947491505379886	59.4686511098004	55.4308602782646	12
"35"	18	7.7285991827957	8.51415468743048	1309.1	1249.09655172414	-0.0156625608352861	-0.054835714258633	40.6815460412172	38.5838323915934	12
"36"	22	7.7285991827957	8.51415468743048	1309.1	1249.09655172414	-0.0154399329933915	-0.0391648814830826	62.0575550944497	59.6550436210445	12
"37"	26	12.7760002724014	14.2898314067482	448.4	441.644827586207	-0.126947630417251	-0.258731503037079	32.5581151907867	30.2749905681049	12
"38"	30	12.7760002724014	14.2898314067482	448.4	441.644827586207	-0.0868458576892174	-0.195272845132591	51.8896688361965	49.3098405799317	12
"39"	34	11.2153226523297	12.7101278294401	945.766666666667	1024.41379310345	-0.109809189368578	-0.19710329884481	34.1872168983954	33.7205599215139	12
"40"	38	11.2153226523297	12.7101278294401	945.766666666667	1024.41379310345	-0.0565554284884997	-0.142125866778759	54.8909185586991	53.6389774571126	12
"41"	42	9.38718843010753	10.8603492339637	1264.03333333333	1410.36551724138	-0.0272189220389546	-0.078869712818424	38.4616607876705	37.4895652237398	12
"42"	46	9.38718843010753	10.8603492339637	1264.03333333333	1410.36551724138	-0.0208582164357395	-0.0495761992450663	59.8214999808073	58.5322196611438	12
"43"	50	14.1035396989247	14.6632646733407	451.033333333333	424.231034482759	-0.266749288110464	-0.303535301862353	30.0301155496961	29.6492126613689	12
"44"	54	14.1035396989247	14.6632646733407	451.033333333333	424.231034482759	-0.202637683518007	-0.243357879734147	49.3517137254266	48.7010984398299	12
"45"	58	12.6315942795699	13.1423895350389	1108.73333333333	999.527586206897	-0.20047690765507	-0.264628238160188	33.7271472505526	32.5191315499539	12
"46"	62	12.6315942795699	13.1423895350389	1108.73333333333	999.527586206897	-0.134653778292141	-0.213785269183571	53.7237857713382	51.8559780919635	12
"47"	66	10.8667157562724	11.3212983121987	1546.2	1372.7724137931	-0.0180726726079988	-0.0992150898391942	39.8695398272179	37.1314068115366	12
"48"	70	10.8667157562724	11.3212983121987	1546.2	1372.7724137931	-0.016884969476875	-0.0766790590640932	61.2255343262536	57.7612286916379	12
"49"	74	15.6730419354839	15.365303255469	371.5	458.196551724138	-0.42635103615655	-0.331150824541381	26.3028745050731	29.0582298951596	12
"50"	78	15.6730419354839	15.365303255469	371.5	458.196551724138	-0.32175133109772	-0.258027562799786	45.1195505568474	47.9255261825877	12
"51"	82	14.1832448602151	13.8728377070819	980.233333333333	1052.84827586207	-0.329077410980852	-0.278466988425524	31.5806328573042	32.1353537999463	12
"52"	86	14.1832448602151	13.8728377070819	980.233333333333	1052.84827586207	-0.238484272792096	-0.213891275569679	51.0194981126312	51.3768865782862	12
"53"	90	12.4206650609319	12.0660799925844	1388.33333333333	1449.88275862069	-0.139312361422372	-0.146743562461442	35.4512585933805	35.6688538148006	12
"54"	94	12.4206650609319	12.0660799925844	1388.33333333333	1449.88275862069	-0.0851704816970315	-0.105254057033212	56.2314504241626	56.0916731541044	12
"55"	98	17.5723251612903	17.2083321557286	448.433333333333	456.71724137931	-0.299971278941109	-0.347474345378101	30.1652269222441	28.8917877127666	12
"56"	102	17.5723251612903	17.2083321557286	448.433333333333	456.71724137931	-0.215584487432387	-0.277376082426279	49.6102856360781	47.4621687879538	12
"57"	106	16.1948481003584	15.7789227556544	1069.46666666667	1083.19655172414	-0.320375909032723	-0.308027694734049	31.8023949301522	31.4320003950457	12
"58"	110	16.1948481003584	15.7789227556544	1069.46666666667	1083.19655172414	-0.243714712370911	-0.249156960009199	51.2287841021484	50.3934708384262	12
"59"	114	14.454488344086	13.9750050292918	1425.13333333333	1437.53103448276	-0.250412091557361	-0.22038854885527	32.8545358356865	33.3722303095747	12
"60"	118	14.454488344086	13.9750050292918	1425.13333333333	1437.53103448276	-0.193007958604787	-0.169840426443911	52.3686923047681	53.0403119694941	12
"61"	3	13.1388398996416	11.8757184145347	392.733333333333	388.496551724138	-0.307800486453999	-0.297493964167378	28.8657914129538	29.811571160287	12
"62"	7	13.1388398996416	11.8757184145347	392.733333333333	388.496551724138	-0.250354879864182	-0.233071391911957	46.9428137831765	48.5391030668198	12
"63"	11	11.522420688172	10.3062834482759	935.266666666667	875.934482758621	-0.223904097485172	-0.194968376816771	33.168411440729	33.8686904455597	12
"64"	15	11.522420688172	10.3062834482759	935.266666666667	875.934482758621	-0.166858919362602	-0.132621116842215	52.2912650061089	53.7487321533026	12
"65"	19	9.72495555555555	8.46354319466073	1330.53333333333	1213	-0.0702143639675344	-0.0571053027919076	38.375326656414	38.4126690887195	12
"66"	23	9.72495555555555	8.46354319466073	1330.53333333333	1213	-0.0465970049608092	-0.0339176758513725	59.3610582956522	59.5439778023799	12
"67"	27	14.0962060645161	14.4144290945495	379.8	433.044827586207	-0.33055833587873	-0.348918070459608	30.4596861713928	28.7181162906465	12
"68"	31	14.0962060645161	14.4144290945495	379.8	433.044827586207	-0.246090409917168	-0.33835114028023	49.8743836197896	46.2205957951012	12
"69"	35	12.6026852473118	12.8681634556915	943.166666666667	1001.00689655172	-0.254233760585329	-0.272775575837905	33.8042006140392	32.8107565005706	12
"70"	39	12.6026852473118	12.8681634556915	943.166666666667	1001.00689655172	-0.195307796458804	-0.289495062676374	53.5996028374943	50.7881338037218	12
"71"	43	10.7821311684588	11.0286284330738	1339.1	1387.23793103448	-0.0858904510068316	-0.125830846151962	37.5078527894955	36.66301413266	12
"72"	47	10.7821311684588	11.0286284330738	1339.1	1387.23793103448	-0.0544098973987301	-0.153566927062735	58.5347095019212	55.7544559203064	12
"73"	51	14.8750626810036	15.3872896774194	394.033333333333	382.144827586207	-0.356317371530076	-0.436761867340117	28.677999622827	27.0112681315918	12
"74"	55	14.8750626810036	15.3872896774194	394.033333333333	382.144827586207	-0.283960952802124	-0.375340317993708	47.3602019308984	44.4393991465495	12
"75"	59	13.3867600573477	13.9152760622914	838.066666666667	924.813793103448	-0.29787017379389	-0.350916017824737	31.5451109361407	30.8372447761313	12
"76"	63	13.3867600573477	13.9152760622914	838.066666666667	924.813793103448	-0.242135043727844	-0.299062086484215	50.4927808083942	49.0962248373231	12
"77"	67	11.5726265663082	12.1103406332963	1114.4	1267.8275862069	-0.169285141194934	-0.166982250976745	34.9649267333044	35.4395652566413	12
"78"	71	11.5726265663082	12.1103406332963	1114.4	1267.8275862069	-0.114796523036084	-0.188976368913535	55.2531911168119	54.3301030065132	12
"79"	75	15.063336	15.7369804998146	400.833333333333	435.696551724138	-0.276239427362116	-0.377668265708485	29.7853852836998	28.5751987170397	12
"80"	79	15.063336	15.7369804998146	400.833333333333	435.696551724138	-0.242675250448404	-0.317010712814838	47.7573728482544	46.492431302367	12
"81"	83	13.5663157419355	14.2854537797553	960.366666666667	1019.14827586207	-0.150226849303042	-0.339369198467298	33.913882501901	31.5595298352797	12
"82"	87	13.5663157419355	14.2854537797553	960.366666666667	1019.14827586207	-0.0934732752993998	-0.283332855208682	53.8113725471023	50.1965542672848	12
"83"	91	11.7642422078853	12.4934591397849	1311.3	1400.16896551724	-0.0342061375471129	-0.195734910381032	37.7985065928636	34.9085047970904	12
"84"	95	11.7642422078853	12.4934591397849	1311.3	1400.16896551724	-0.0231867872756559	-0.217654241308172	59.1581323815393	53.5921964759483	12
"85"	99	16.876580344086	17.6321309707082	453.6	471.220689655172	-0.267514122765139	-0.385095237190997	27.9776332116029	28.050215729294	12
"86"	103	16.876580344086	17.6321309707082	453.6	471.220689655172	-0.180423069841224	-0.309712365097707	47.6129317460671	46.5011139471519	12
"87"	107	15.3496817204301	16.2156900333704	1004.86666666667	1130.93103448276	-0.241815849477402	-0.386638843104223	30.8135511164382	30.140972348084	12
"88"	111	15.3496817204301	16.2156900333704	1004.86666666667	1130.93103448276	-0.149024606713396	-0.32620243265057	50.4457473925227	48.7301331891651	12
"89"	115	13.5344806308244	14.4094556633296	1376.93333333333	1527.77931034483	-0.0648411469946202	-0.290930168620839	35.9383569554322	32.4358666458721	12
"90"	119	13.5344806308244	14.4094556633296	1376.93333333333	1527.77931034483	-0.0331789152757172	-0.2354845395873	57.2330478216314	51.7509100117733	12
"91"	4	11.6972278709677	11.6654093852429	385.833333333333	382.203448275862	-0.199617938935418	-0.251670647840609	32.3154868833008	30.6559053080966	12
"92"	8	11.6972278709677	11.6654093852429	385.833333333333	382.203448275862	-0.119802381295326	-0.195849969831565	52.5421506919121	49.6548285291559	12
"93"	12	10.2544415053763	10.1050811316277	817.8	874.28275862069	-0.214454306175513	-0.138424124539746	33.7293527136859	35.185390513316	12
"94"	16	10.2544415053763	10.1050811316277	817.8	874.28275862069	-0.147163819919541	-0.0955149278474641	53.730399202594	55.5379475849587	12
"95"	20	8.40389202867383	8.23885941268076	1123.16666666667	1203.80689655172	-0.145096811444949	-0.0578659683667202	35.8554424415134	38.6866288638756	12
"96"	24	8.40389202867383	8.23885941268076	1123.16666666667	1203.80689655172	-0.0934598279062631	-0.0395364390219807	56.1669062765797	59.7759706224652	12
"97"	28	14.8405421218638	14.4412030359659	459.333333333333	427.624137931034	-0.299132713561202	-0.400827467376683	30.7388577029776	28.3035461556737	12
"98"	32	14.8405421218638	14.4412030359659	459.333333333333	427.624137931034	-0.237016883351803	-0.385064285136583	50.0579682928716	45.4191255296189	12
"99"	36	13.3135110394265	12.9165459414164	1125.3	987.78275862069	-0.240250932903791	-0.35343556366215	34.498947784772	32.2785361419689	12
"100"	40	13.3135110394265	12.9165459414164	1125.3	987.78275862069	-0.203228046284417	-0.33568093650468	53.8515911570188	50.7432922156349	12
"101"	44	11.5231725878136	11.0944538257323	1612.16666666667	1373.91379310345	-0.0839116380679932	-0.175587755963855	38.2066186935115	36.2481378931762	12
"102"	48	11.5231725878136	11.0944538257323	1612.16666666667	1373.91379310345	-0.0585489104508127	-0.181128019426007	59.1352459013125	55.6405859475825	12
"103"	52	14.826794078853	14.8482075135336	399.633333333333	436.327586206897	-0.286833907557307	-0.302878473250325	29.9573173490528	29.9412145524548	12
"104"	56	14.826794078853	14.8482075135336	399.633333333333	436.327586206897	-0.214890925713769	-0.238072334299884	49.2071261897329	49.0212040237841	12
"105"	60	13.2246538207885	13.3034772992214	924.866666666667	1022.47931034483	-0.230658354667392	-0.455270088977858	33.7795404246102	31.0200844796799	12
"106"	64	13.2246538207885	13.3034772992214	924.866666666667	1022.47931034483	-0.182725787231205	-0.459273811893496	53.589815095702	48.1787879756631	12
"107"	68	11.3502923297491	11.4815939532814	1265.5	1411.36896551724	-0.111444035598606	-0.25560864000135	36.9180530522321	35.0309993141938	12
"108"	72	11.3502923297491	11.4815939532814	1265.5	1411.36896551724	-0.0809196032568897	-0.236546814945511	57.7807181277416	54.3642282323981	12
"109"	76	15.1120516989247	15.1426637493511	456.1	429.08275862069	-0.290414658971572	-0.424946576719641	30.4387844269996	28.2898197648462	12
"110"	80	15.1120516989247	15.1426637493511	456.1	429.08275862069	-0.226010396188451	-0.382520385151718	49.5339432442558	46.0245439877632	12
"111"	84	13.6221345089606	13.657025398591	1064.93333333333	1036.34827586207	-0.263609900830753	-0.361341491239329	32.8534832804756	31.8023173614483	12
"112"	88	13.6221345089606	13.657025398591	1064.93333333333	1036.34827586207	-0.210658991280643	-0.351884209263527	51.8816192540816	50.0607752333349	12
"113"	92	11.7786036702509	11.8412830300334	1460.4	1434.56551724138	-0.144648911572104	-0.210839913942046	36.3827118272613	35.1982863406016	12
"114"	96	11.7786036702509	11.8412830300334	1460.4	1434.56551724138	-0.095834261043657	-0.242916762475086	56.7435476303048	53.9980152520753	12
"115"	100	17.989009921147	17.8478159466073	448.5	448.637931034483	-0.345297084152363	-0.470835934271986	28.7778652717783	26.8120041100246	12
"116"	104	17.989009921147	17.8478159466073	448.5	448.637931034483	-0.245856057419113	-0.39949789836475	48.0070474606367	44.4374313543569	12
"117"	108	16.4997821505376	16.3976837745643	1069.56666666667	1049.91034482759	-0.312746441745214	-0.438741341441499	31.024728800803	29.9571637570073	12
"118"	112	16.4997821505376	16.3976837745643	1069.56666666667	1049.91034482759	-0.225168751634537	-0.427497072993342	50.4359389986089	47.4945163467753	12
"119"	116	14.6431602150538	14.5932241334816	1451.06666666667	1416.1	-0.209799998992401	-0.401278200783458	33.0286742194744	31.1863420709624	12
"120"	120	14.6431602150538	14.5932241334816	1451.06666666667	1416.1	-0.154247584854332	-0.415167728196818	52.963740545528	48.9422717805146	12
