"rid"	"temp.short"	"temp.long"	"prec.short"	"prec.long"	"potential.short"	"potential.long"	"content.short"	"content.long"	"replicate"
"1"	1	11.745996702509	11.8474548802373	397.6	391.913793103448	-0.267577324888493	-0.211915264521251	31.2909810505052	31.3314688639892	19
"2"	5	11.745996702509	11.8474548802373	397.6	391.913793103448	-0.2079378381062	-0.156705016925565	49.9380642844573	50.8885679308503	19
"3"	9	10.1048217777778	10.2977833029292	914.066666666667	874.658620689655	-0.0888512480032013	-0.142125447471682	36.0121553372674	34.6513129087522	19
"4"	13	10.1048217777778	10.2977833029292	914.066666666667	874.658620689655	-0.0466004758010337	-0.0897871615287361	57.0544740297794	55.0933241250506	19
"5"	17	8.2456357562724	8.45982120875046	1281.6	1207.25172413793	-0.0210350589276058	-0.0441068172146404	39.4945864227263	38.7872540202835	19
"6"	21	8.2456357562724	8.45982120875046	1281.6	1207.25172413793	-0.0191435077980516	-0.03185896586067	60.6392455464606	59.9044060167213	19
"7"	25	13.92328209319	14.3374955980719	408.7	420.341379310345	-0.264956684683215	-0.269345774990048	30.3975776943073	30.1723861572308	19
"8"	29	13.92328209319	14.3374955980719	408.7	420.341379310345	-0.204924845214562	-0.20731960337248	50.2746112848599	49.479506826223	19
"9"	33	12.3436649605735	12.7813077048572	905.833333333333	982.231034482759	-0.204768582498017	-0.193900639081239	33.6781693911104	33.8232648294835	19
"10"	37	12.3436649605735	12.7813077048572	905.833333333333	982.231034482759	-0.168970266318094	-0.143615404300091	53.8811396635759	53.8068875067098	19
"11"	41	10.5303012043011	10.9487086436782	1189.93333333333	1364.26206896552	-0.145823515272807	-0.0747592472295086	36.7627751677765	37.5641738119478	19
"12"	45	10.5303012043011	10.9487086436782	1189.93333333333	1364.26206896552	-0.119049600696984	-0.0492382977959948	57.3340905689925	58.6510920587821	19
"13"	49	14.276532702509	15.1166366718576	539.7	417.744827586207	-0.125522066903037	-0.312549288316455	34.2948849851928	29.1777158021473	19
"14"	53	14.276532702509	15.1166366718576	539.7	417.744827586207	-0.0668365091793441	-0.239585867508467	55.1316849634699	48.0192150781799	19
"15"	57	12.71818990681	13.5953334831294	1182.16666666667	963.206896551724	-0.129840109763263	-0.243588846034103	35.2844069913797	32.7400673198573	19
"16"	61	12.71818990681	13.5953334831294	1182.16666666667	963.206896551724	-0.0669322288355338	-0.187900281396038	55.9255183169992	51.9784619885866	19
"17"	65	10.8527478709677	11.7689561661105	1632.76666666667	1329.82413793103	-0.0736994405024889	-0.0923322800707676	38.1194342958636	36.9052916544293	19
"18"	69	10.8527478709677	11.7689561661105	1632.76666666667	1329.82413793103	-0.0378434900293797	-0.0555153368347615	59.1428815333355	57.7540240036445	19
"19"	73	15.7659625232975	15.3604334608825	395.7	464.403448275862	-0.390348336256753	-0.283224371972557	28.3987945949108	30.3490940132388	19
"20"	77	15.7659625232975	15.3604334608825	395.7	464.403448275862	-0.307386049939361	-0.219318665480793	46.8299673803408	49.5566071799438	19
"21"	81	14.3000643870968	13.8905433444568	1012.4	1054.6724137931	-0.29993037773742	-0.241774471197511	31.2204962657033	32.8054260277776	19
"22"	85	14.3000643870968	13.8905433444568	1012.4	1054.6724137931	-0.233158340949512	-0.180115984167591	50.1131333020762	52.3493483796966	19
"23"	89	12.5261009605735	12.0879459473489	1431.66666666667	1442.20689655172	-0.12424792775236	-0.113322554161316	37.0678923288111	36.4877285262087	19
"24"	93	12.5261009605735	12.0879459473489	1431.66666666667	1442.20689655172	-0.0992123572988161	-0.0799563716411681	57.6539838124017	57.1967126141251	19
"25"	97	16.8811408028674	17.3114136596218	369.566666666667	460.848275862069	-0.342288937344656	-0.375453569592837	29.1028707794838	28.3399008118118	19
"26"	101	16.8811408028674	17.3114136596218	369.566666666667	460.848275862069	-0.296359347347714	-0.289557583529847	46.9366681426857	46.7769513056289	19
"27"	105	15.387388344086	15.8860892680756	896.2	1107.78275862069	-0.262519083298033	-0.338846751553555	32.2243284495426	30.7270003333898	19
"28"	109	15.387388344086	15.8860892680756	896.2	1107.78275862069	-0.185685573778854	-0.261590757910608	51.3806045125114	49.6207156360264	19
"29"	113	13.5496246451613	14.0882677300704	1231	1489.00344827586	-0.151261417573639	-0.244808177963423	34.753062426646	32.7748118414286	19
"30"	117	13.5496246451613	14.0882677300704	1231	1489.00344827586	-0.0850122438489347	-0.17821584166731	55.2727498041454	52.4804666374955	19
"31"	2	12.1408562867384	11.7112503670745	335.866666666667	387.906896551724	-0.27881244259203	-0.194769037772926	29.389517017541	31.7117439001917	19
"32"	6	12.1408562867384	11.7112503670745	335.866666666667	387.906896551724	-0.22464024405512	-0.14363793888706	48.3989793286614	51.5195610022359	19
"33"	10	10.6493312401434	10.1821328127549	745.733333333333	875.272413793103	-0.180520773595435	-0.138620445587243	32.6144951385078	34.8198933127835	19
"34"	14	10.6493312401434	10.1821328127549	745.733333333333	875.272413793103	-0.108215504565954	-0.0839369333452752	52.5915538397862	55.4185283291233	19
"35"	18	8.85917921146953	8.34392181386726	1031.3	1208.44827586207	-0.0377592842235752	-0.0452453193057867	38.6179122302237	38.6962514192471	19
"36"	22	8.85917921146953	8.34392181386726	1031.3	1208.44827586207	-0.0277499296252642	-0.0300873112740614	59.8642473130116	59.8602030102036	19
"37"	26	14.9416843154122	14.2484141831665	415.8	413.437931034483	-0.334628122143686	-0.269192758253488	28.7079863051494	30.0217168185285	19
"38"	30	14.9416843154122	14.2484141831665	415.8	413.437931034483	-0.277947687493866	-0.209585312690783	47.6161568154122	49.1083350913975	19
"39"	34	13.4948085734767	12.6984753222099	972.533333333333	958.8	-0.244373943909325	-0.19422656458222	33.0568798660317	33.918639890455	19
"40"	38	13.4948085734767	12.6984753222099	972.533333333333	958.8	-0.202849284326866	-0.144999301648904	52.4676942515356	53.9643505673831	19
"41"	42	11.6734911971326	10.8557466459029	1390.86666666667	1345.26896551724	-0.129990555054067	-0.0831941151089258	36.3177905677938	37.4119970563336	19
"42"	46	11.6734911971326	10.8557466459029	1390.86666666667	1345.26896551724	-0.101418002189521	-0.0555689531961425	56.975762605475	58.4123479216035	19
"43"	50	16.403816702509	15.322791255469	371.433333333333	391.058620689655	-0.528270141283126	-0.365395062290558	24.8008098736691	27.7861296452111	19
"44"	54	16.403816702509	15.322791255469	371.433333333333	391.058620689655	-0.440445420389302	-0.282617052447143	41.0546315640439	46.2393372683828	19
"45"	58	15.0602414050179	13.811180160178	934.9	928.28275862069	-0.344860825808196	-0.26427792217144	30.034218773414	32.2069768339205	19
"46"	62	15.0602414050179	13.811180160178	934.9	928.28275862069	-0.283672789441035	-0.201066595570795	47.7082926222439	51.3870696633832	19
"47"	66	13.3136006308244	11.9914108698554	1301.03333333333	1286.90344827586	-0.0955317791544582	-0.09658612995378	36.057095576074	36.512758715746	19
"48"	70	13.3136006308244	11.9914108698554	1301.03333333333	1286.90344827586	-0.0437095609427877	-0.0566626842142937	56.833611987141	57.3902571905265	19
"49"	74	16.4039489318996	15.4914368053393	473.5	444.755172413793	-0.196035218258122	-0.327251721040397	31.7354517694427	29.815407658036	19
"50"	78	16.4039489318996	15.4914368053393	473.5	444.755172413793	-0.154509941392242	-0.262348163007168	51.0549221344554	48.6727865611941	19
"51"	82	14.978814078853	14.0416108253615	1054.73333333333	1034.4724137931	-0.23588186474334	-0.294530191031911	33.1349528950383	32.264060437971	19
"52"	86	14.978814078853	14.0416108253615	1054.73333333333	1034.4724137931	-0.187213933518983	-0.226128900757852	52.389833316944	51.5649815483181	19
"53"	90	13.2002435555556	12.2475798012607	1413.46666666667	1410.44482758621	-0.156803162887265	-0.149154709501796	35.0604136916101	35.7045574641064	19
"54"	94	13.2002435555556	12.2475798012607	1413.46666666667	1410.44482758621	-0.119803549956191	-0.10277170405909	55.3227290679555	56.1568525356718	19
"55"	98	17.7557250896057	17.3885536462736	513.9	476.637931034483	-0.438158126095435	-0.378117418296066	28.7359864657408	28.6045471994615	19
"56"	102	17.7557250896057	17.3885536462736	513.9	476.637931034483	-0.367831328391983	-0.287894123196786	46.9222593000241	47.1827209574256	19
"57"	106	16.3979990967742	15.972901500927	1191.86666666667	1131.96206896552	-0.413987511541818	-0.346448899260819	29.8412373865229	30.6782800880625	19
"58"	110	16.3979990967742	15.972901500927	1191.86666666667	1131.96206896552	-0.338739424560592	-0.265383703502552	48.307010276907	49.658053201601	19
"59"	114	14.6401581075269	14.1854074008157	1598.23333333333	1511.75172413793	-0.35755061596888	-0.254445233198294	30.7636105118712	32.7430756738081	19
"60"	118	14.6401581075269	14.1854074008157	1598.23333333333	1511.75172413793	-0.271497025469859	-0.1887626864324	49.8305320063621	52.4231144333061	19
"61"	3	11.8392533189964	12.1019582766036	369.433333333333	388.337931034483	-0.31949634208138	-0.260670213027159	29.6594144113096	30.5499045533985	19
"62"	7	11.8392533189964	12.1019582766036	369.433333333333	388.337931034483	-0.267016168245981	-0.196914061936119	48.4917948794161	49.7023953343548	19
"63"	11	10.2579379784946	10.5317089551353	875.266666666667	888.131034482759	-0.188747618919029	-0.190659608194035	34.0113652591445	34.0568136320487	19
"64"	15	10.2579379784946	10.5317089551353	875.266666666667	888.131034482759	-0.14808741697818	-0.193038913150677	53.9642320190039	52.6135108571391	19
"65"	19	8.37545260215054	8.67968745717464	1213.86666666667	1218.74827586207	-0.0426700486712172	-0.0663961123784926	39.0963932471715	38.0631255177454	19
"66"	23	8.37545260215054	8.67968745717464	1213.86666666667	1218.74827586207	-0.024780282888882	-0.0657719537837418	60.3669085884615	57.9413061285445	19
"67"	27	14.9417744659498	14.3859610233593	437.1	424.196551724138	-0.324743442083968	-0.274730889035716	27.6276423874682	29.9509400347537	19
"68"	31	14.9417744659498	14.3859610233593	437.1	424.196551724138	-0.242186243647213	-0.207115645381844	46.3193741361909	49.285357314608	19
"69"	35	13.366928874552	12.8140950878754	1052.16666666667	997.086206896552	-0.159688141318358	-0.236865254372473	33.4474614987274	33.3152695086542	19
"70"	39	13.366928874552	12.8140950878754	1052.16666666667	997.086206896552	-0.129245144519344	-0.19741515868131	53.5123741896614	52.7087877520066	19
"71"	43	11.5278183512545	10.9810086332963	1464.66666666667	1376.32413793103	-0.0818162834094771	-0.083721257867113	37.434246240861	37.451702719326	19
"72"	47	11.5278183512545	10.9810086332963	1464.66666666667	1376.32413793103	-0.0568635373250336	-0.063376004606164	58.2689419723575	58.0861733853887	19
"73"	51	15.1959784802867	14.9869055958472	380.533333333333	415.265517241379	-0.354060763146839	-0.354374346979799	27.6027708594585	28.8903606666855	19
"74"	55	15.1959784802867	14.9869055958472	380.533333333333	415.265517241379	-0.282681043240122	-0.302366770333485	45.555044737752	47.2186987063015	19
"75"	59	13.8158551397849	13.4483485472747	887.766666666667	956.889655172414	-0.242830735394408	-0.300498669899048	32.1873819524264	31.8156451468262	19
"76"	63	13.8158551397849	13.4483485472747	887.766666666667	956.889655172414	-0.185058523704705	-0.253999945309716	50.856160015405	50.7601856477774	19
"77"	67	12.0936246164875	11.6066401824249	1217.53333333333	1315.11034482759	-0.0468378985705883	-0.134471620938199	37.6566006265289	35.8535147328918	19
"78"	71	12.0936246164875	11.6066401824249	1217.53333333333	1315.11034482759	-0.0255809187419853	-0.122885289668872	58.9223150812634	55.7467469071624	19
"79"	75	16.1021744946237	15.3540675891732	408	441.262068965517	-0.410369911287357	-0.36583048533493	27.9396056114717	29.0088289017917	19
"80"	79	16.1021744946237	15.3540675891732	408	441.262068965517	-0.327080741368494	-0.310431922152199	46.3106276118951	47.1450424939389	19
"81"	83	14.6603836415771	13.8809101668521	988.866666666667	1023.31034482759	-0.373147328338674	-0.332070644643764	31.0112469816922	31.8505951925403	19
"82"	87	14.6603836415771	13.8809101668521	988.866666666667	1023.31034482759	-0.289461604031783	-0.311200163784375	50.0300511080112	50.1502531398788	19
"83"	91	12.8891151111111	12.0786813822766	1369.7	1410.95172413793	-0.235925960385597	-0.23373930515514	33.8903640640991	34.831773547777	19
"84"	95	12.8891151111111	12.0786813822766	1369.7	1410.95172413793	-0.193880963142243	-0.234247568815677	53.4434401074144	53.7478117322531	19
"85"	99	17.3211783512545	17.1071482506489	565.7	462.589655172414	-0.299266521552069	-0.388126143414135	30.7501742715051	28.2445088669188	19
"86"	103	17.3211783512545	17.1071482506489	565.7	462.589655172414	-0.248627287671515	-0.324905032147089	49.7770595832608	46.2783476632208	19
"87"	107	15.8370227670251	15.6476125057471	1338.66666666667	1112.52068965517	-0.343531380662943	-0.360630165399818	31.4810729722482	30.6623254913289	19
"88"	111	15.8370227670251	15.6476125057471	1338.66666666667	1112.52068965517	-0.285488389886462	-0.29810393498333	50.4435255867805	49.3092601468479	19
"89"	115	14.0055287311828	13.8278165457916	1804.1	1492.77586206897	-0.279912640226571	-0.2607301476239	32.5709310232647	33.1082239625193	19
"90"	119	14.0055287311828	13.8278165457916	1804.1	1492.77586206897	-0.229808793666989	-0.247847086923201	51.7634231213098	51.8883885422503	19
"91"	4	12.0091838422939	12.1789718205413	417.666666666667	391.11724137931	-0.161632826712356	-0.20479319560707	33.2212299053795	31.6867056615101	19
"92"	8	12.0091838422939	12.1789718205413	417.666666666667	391.11724137931	-0.0927494409786821	-0.140653511475681	53.7687830324663	51.6266058151904	19
"93"	12	10.4739157275986	10.6256973659622	871.4	892.410344827586	-0.131935532295048	-0.209213620853861	35.4506547893221	34.2307024529201	19
"94"	16	10.4739157275986	10.6256973659622	871.4	892.410344827586	-0.0763218740705364	-0.131274402319603	56.3120351742957	54.5543973156642	19
"95"	20	8.66619782078853	8.79206747793845	1205.83333333333	1221.30344827586	-0.0863886821913116	-0.0602140340712763	37.4432258878079	38.3052699557325	19
"96"	24	8.66619782078853	8.79206747793845	1205.83333333333	1221.30344827586	-0.0506436926752941	-0.0396822913716585	58.5142249635722	59.386580259839	19
"97"	28	13.5475186236559	14.1305505287356	411.133333333333	426.258620689655	-0.153824632068161	-0.291047982514495	31.5185123227927	29.9511575369275	19
"98"	32	13.5475186236559	14.1305505287356	411.133333333333	426.258620689655	-0.104757774597257	-0.192185590841494	51.5172380917795	49.6603587191649	19
"99"	36	11.8764417634409	12.5598166065999	980.866666666667	987.937931034483	-0.0967032793677881	-0.371513321582746	35.3998160905187	31.9076578252952	19
"100"	40	11.8764417634409	12.5598166065999	980.866666666667	987.937931034483	-0.0632701811804872	-0.381176030855201	55.8973342450828	49.6578039543083	19
"101"	44	10.036367827957	10.7359926362625	1350.03333333333	1350.57586206897	-0.0183672413755746	-0.221983702622512	39.5606007181281	35.6951408887717	19
"102"	48	10.036367827957	10.7359926362625	1350.03333333333	1350.57586206897	-0.0171935794303298	-0.213405655356418	60.9202265068037	54.982904705814	19
"103"	52	15.4143015053763	14.7551254089729	379.1	437.055172413793	-0.358583875778612	-0.349889327885234	29.2420948100586	28.9272728363037	19
"104"	56	15.4143015053763	14.7551254089729	379.1	437.055172413793	-0.272810415661193	-0.239072899783491	48.3391222672317	48.3646082521821	19
"105"	60	13.830724	13.1917432658509	908.933333333333	1017.39655172414	-0.332254878487499	-0.31091093239991	31.5377249047559	32.0265395290057	19
"106"	64	13.830724	13.1917432658509	908.933333333333	1017.39655172414	-0.261009586341068	-0.315936009057741	50.6081704613566	50.1080886491045	19
"107"	68	11.9373537060932	11.3434148134965	1259.5	1403.01724137931	-0.229258279630248	-0.197887861209644	34.5379102931585	35.7949984612908	19
"108"	72	11.9373537060932	11.3434148134965	1259.5	1403.01724137931	-0.161281615788504	-0.212967352526819	54.4547972898774	54.7588489184678	19
"109"	76	14.5372230824373	15.2522366377456	482.2	424.144827586207	-0.354515983192625	-0.441453863364098	28.9733606175419	28.4154733443892	19
"110"	80	14.5372230824373	15.2522366377456	482.2	424.144827586207	-0.287115625304108	-0.358147931402939	47.3941674621187	46.7194110487934	19
"111"	84	13.1913289318996	13.7571160771227	1112.2	1001.13103448276	-0.251927134055722	-0.384871956068363	31.7476275969126	31.3209079385447	19
"112"	88	13.1913289318996	13.7571160771227	1112.2	1001.13103448276	-0.205415076631635	-0.355393014496892	50.6296043359871	49.5259435199202	19
"113"	92	11.3952152258065	11.9471019784946	1538.13333333333	1387.2275862069	-0.0248156407779952	-0.240315910288831	39.0668304896815	35.1993246728543	19
"114"	96	11.3952152258065	11.9471019784946	1538.13333333333	1387.2275862069	-0.0196117862765888	-0.275253129046396	60.4253815432435	53.914398643532	19
"115"	100	16.7874866379928	17.0009426192065	396	459.051724137931	-0.456023662959002	-0.41471235348359	28.2414334829333	28.4357846308227	19
"116"	104	16.7874866379928	17.0009426192065	396	459.051724137931	-0.386099800410398	-0.35468618757253	45.9971405955102	46.3113786708188	19
"117"	108	15.374465734767	15.5464148416759	1038.46666666667	1091.04137931034	-0.390188176357265	-0.406254949219423	30.2529739196217	30.4005909009471	19
"118"	112	15.374465734767	15.5464148416759	1038.46666666667	1091.04137931034	-0.317453966358098	-0.423050961308072	48.6264916092847	47.851873192517	19
"119"	116	13.5307327885305	13.7433008172043	1386.26666666667	1470.91034482759	-0.174749983618437	-0.342580381275373	34.0891499522799	32.5088782117359	19
"120"	120	13.5307327885305	13.7433008172043	1386.26666666667	1470.91034482759	-0.129014165090836	-0.356810670194152	54.4691744093045	50.7333107242804	19
