"rid"	"temp.short"	"temp.long"	"prec.short"	"prec.long"	"potential.short"	"potential.long"	"content.short"	"content.long"	"replicate"
"1"	1	12.1322955698925	11.8099658746756	431.033333333333	385.144827586207	-0.180515704608999	-0.267427284453323	32.5027364890559	30.3528011653533	3
"2"	5	12.1322955698925	11.8099658746756	431.033333333333	385.144827586207	-0.100329599131936	-0.207791961174574	52.5249990938687	49.3310777958274	3
"3"	9	10.5554521577061	10.2898321675936	914.166666666667	877.672413793103	-0.128645086850862	-0.141501320658434	35.2214135127312	34.8627462340008	3
"4"	13	10.5554521577061	10.2898321675936	914.166666666667	877.672413793103	-0.0618937435605503	-0.089676660464948	55.6379398891925	55.3797154157139	3
"5"	17	8.7461062078853	8.45161263922877	1241.36666666667	1205.87931034483	-0.0582696686017351	-0.0469245234148086	37.9350138339944	38.6121518610322	3
"6"	21	8.7461062078853	8.45161263922877	1241.36666666667	1205.87931034483	-0.0306859290576856	-0.0316642362188747	58.902793073396	59.7556329620358	3
"7"	25	13.7428339928315	14.6594942484242	373.533333333333	396.241379310345	-0.248614975024363	-0.32430722960425	29.6025487892418	29.3160813854368	3
"8"	29	13.7428339928315	14.6594942484242	373.533333333333	396.241379310345	-0.194261168055181	-0.248261358318751	48.7692055294996	48.469025109883	3
"9"	33	12.1313444301075	13.1037056492399	888.633333333333	908.28275862069	-0.213606581526875	-0.269540534416547	33.4090118822259	32.5706610609436	3
"10"	37	12.1313444301075	13.1037056492399	888.633333333333	908.28275862069	-0.161494947330095	-0.20467958070797	53.0357523417785	52.2232735235552	3
"11"	41	10.3290917992832	11.2878207712273	1187.26666666667	1232.56896551724	-0.0322742668311172	-0.139360515204165	38.7709546296345	36.1148061304672	3
"12"	45	10.3290917992832	11.2878207712273	1187.26666666667	1232.56896551724	-0.0210634207023926	-0.101955480241526	60.1031767421299	56.7304648683185	3
"13"	49	14.6838066953405	14.7500075090842	436.633333333333	465.203448275862	-0.338655072195078	-0.241703313212912	30.5075566997254	31.0144899917937	3
"14"	53	14.6838066953405	14.7500075090842	436.633333333333	465.203448275862	-0.267436200396793	-0.176465463555835	49.5980155497323	50.5913679602471	3
"15"	57	13.0477191541219	13.1891544130515	1009.86666666667	1041.59655172414	-0.322163415957958	-0.222279316271184	31.7401176258048	33.305710479957	3
"16"	61	13.0477191541219	13.1891544130515	1009.86666666667	1041.59655172414	-0.259812471841314	-0.157060376000178	50.6875519361156	53.1263160381707	3
"17"	65	11.1330658064516	11.3353055365221	1379.9	1426.7	-0.094280950705639	-0.0735535314264432	36.8930759235579	37.3900301976803	3
"18"	69	11.1330658064516	11.3353055365221	1379.9	1426.7	-0.0488223343707998	-0.0417388488090432	57.7394077953731	58.4572581573085	3
"19"	73	14.468298078853	15.086760550241	493.366666666667	470.496551724138	-0.291167749610088	-0.295982631053858	30.7718777094886	30.5144177423527	3
"20"	77	14.468298078853	15.086760550241	493.366666666667	470.496551724138	-0.218065429967065	-0.224954211986883	49.9284990437719	49.6757898586894	3
"21"	81	12.9769287598566	13.5742358264739	1108.06666666667	1079.29655172414	-0.153170849715408	-0.254298138998401	34.3328439476093	32.6851462584557	3
"22"	85	12.9769287598566	13.5742358264739	1108.06666666667	1079.29655172414	-0.118220875522487	-0.190111223677013	54.2024643708682	52.0173429888887	3
"23"	89	11.1588430394265	11.7438375498702	1518.76666666667	1475.5724137931	-0.0528902605784846	-0.127258696486407	38.8735500503845	36.4483076026766	3
"24"	93	11.1588430394265	11.7438375498702	1518.76666666667	1475.5724137931	-0.0304631754633229	-0.0826595930390511	60.0443976829413	57.1456335424623	3
"25"	97	16.3250303225806	17.3768144397479	407.066666666667	428.010344827586	-0.451235999705479	-0.387235838827479	27.1039536013886	27.891892764044	3
"26"	101	16.3250303225806	17.3768144397479	407.066666666667	428.010344827586	-0.390328122385744	-0.309475175390709	44.286961824112	45.9020693119365	3
"27"	105	14.8574646308244	15.9260754453096	1047.43333333333	1033.62068965517	-0.34743490263934	-0.309321924354803	30.5440500513653	30.9782488587015	3
"28"	109	14.8574646308244	15.9260754453096	1047.43333333333	1033.62068965517	-0.290076964930366	-0.234358028746503	48.8777553247698	49.8819603975716	3
"29"	113	12.9954317275986	14.0976018197998	1398.96666666667	1395.18275862069	-0.151210021104038	-0.209279391727116	34.8855197399093	33.429592144649	3
"30"	117	12.9954317275986	14.0976018197998	1398.96666666667	1395.18275862069	-0.0974528160914784	-0.1452432472082	55.2304994306901	53.4698673957431	3
"31"	2	12.6566072688172	11.668008252132	434.133333333333	389.013793103448	-0.25562945407158	-0.24906009898829	30.618277333419	30.5122211846477	3
"32"	6	12.6566072688172	11.668008252132	434.133333333333	389.013793103448	-0.184253018303307	-0.181937691082277	49.3521336302679	49.7246692705051	3
"33"	10	11.0605376344086	10.1209880430108	975.5	870.889655172414	-0.097511307349314	-0.135685466711764	35.5222844889738	34.9241869079796	3
"34"	14	11.0605376344086	10.1209880430108	975.5	870.889655172414	-0.0415273786163911	-0.0849095133780681	56.6935441550921	55.4403721629783	3
"35"	18	9.21628531899642	8.26591282906934	1308.06666666667	1185.47931034483	-0.0215881913527399	-0.0451433388578561	39.6875906488296	38.4817847757835	3
"36"	22	9.21628531899642	8.26591282906934	1308.06666666667	1185.47931034483	-0.0180301291277701	-0.0319513224030342	61.0472164375052	59.6195933254348	3
"37"	26	14.7345327168459	14.4191447133852	444.666666666667	425.534482758621	-0.28247692799346	-0.27997019288701	29.9462919593035	29.8536392577147	3
"38"	30	14.7345327168459	14.4191447133852	444.666666666667	425.534482758621	-0.215348789260737	-0.209625802849293	49.2205970159317	49.1549862874624	3
"39"	34	13.1433174767025	12.8219238872822	952.5	983.193103448276	-0.233670895853586	-0.213096854974873	33.3651337994924	33.4807655733002	3
"40"	38	13.1433174767025	12.8219238872822	952.5	983.193103448276	-0.158163302089262	-0.156241937929027	53.2885777951797	53.4221426817595	3
"41"	42	11.2930488888889	10.9895487830923	1275.9	1325.74827586207	-0.103265530733928	-0.0863448087475626	36.3258937978209	37.2405947455498	3
"42"	46	11.2930488888889	10.9895487830923	1275.9	1325.74827586207	-0.0488577426467616	-0.0598635776693632	57.3457335715709	58.1907744399042	3
"43"	50	15.4928139641577	14.7019096967	412.233333333333	454.503448275862	-0.348172069162257	-0.278343930116544	29.435459140255	30.3836797588996	3
"44"	54	15.4928139641577	14.7019096967	412.233333333333	454.503448275862	-0.283170622312542	-0.213268320990177	47.6013885634671	49.7081616695074	3
"45"	58	13.9149356989247	13.1268777441602	975.366666666667	1027.03103448276	-0.390577292038396	-0.240480549300438	29.8102547933293	32.6369959479228	3
"46"	62	13.9149356989247	13.1268777441602	975.366666666667	1027.03103448276	-0.325157200401255	-0.177263759000142	47.8817177426292	52.2170786578944	3
"47"	66	12.0576879139785	11.2515943566926	1343.76666666667	1401.49655172414	-0.127938081918176	-0.0706740074504513	35.8061009086478	37.2894567912777	3
"48"	70	12.0576879139785	11.2515943566926	1343.76666666667	1401.49655172414	-0.0781889043879723	-0.0429091279022077	56.3052800758721	58.3458913919017	3
"49"	74	14.2791326594982	15.2521401661105	545.666666666667	457.841379310345	-0.275119658960755	-0.303247057109684	31.8508309967383	29.8661278874069	3
"50"	78	14.2791326594982	15.2521401661105	545.666666666667	457.841379310345	-0.19725044168375	-0.225209809168593	51.5122364015132	49.1848327790249	3
"51"	82	12.6738577204301	13.746105512792	1266.26666666667	1045.94482758621	-0.21278771210721	-0.266652553419234	34.0611405391419	32.2396031656116	3
"52"	86	12.6738577204301	13.746105512792	1266.26666666667	1045.94482758621	-0.141322187786519	-0.2019552894105	54.2954891963011	51.55468256489	3
"53"	90	10.7672531899642	11.9307750389321	1741.06666666667	1431.75862068966	-0.0930270086106881	-0.134349066788653	37.0541101634635	36.039955092927	3
"54"	94	10.7672531899642	11.9307750389321	1741.06666666667	1431.75862068966	-0.0449910405900333	-0.0856610200574795	58.2096623823339	56.6299577791833	3
"55"	98	18.2903753405018	17.375108882462	399	423.137931034483	-0.473400975457281	-0.361962241102227	24.1006052452257	28.4186489595722	3
"56"	102	18.2903753405018	17.375108882462	399	423.137931034483	-0.353313413452802	-0.292874282933593	41.391822330545	46.7669894869093	3
"57"	106	16.8293950107527	15.9145282892102	1011.5	1026.68620689655	-0.297155125782295	-0.312259289081846	30.2229477073083	31.0796426491709	3
"58"	110	16.8293950107527	15.9145282892102	1011.5	1026.68620689655	-0.23046933947646	-0.237687119646811	49.3755970350867	50.1370386990238	3
"59"	114	15.0131746379928	14.0880627363737	1364.33333333333	1372.13793103448	-0.258049141095216	-0.22288155194534	31.5901524375271	33.1647308609731	3
"60"	118	15.0131746379928	14.0880627363737	1364.33333333333	1372.13793103448	-0.194155186015005	-0.159320135740132	50.9785027637853	53.0773266500958	3
"61"	3	12.1691870394265	12.0353629499444	416	381.234482758621	-0.278325038197437	-0.252499387797758	28.918074950703	30.2578886719265	3
"62"	7	12.1691870394265	12.0353629499444	416	381.234482758621	-0.209640343411879	-0.199983132296834	48.1911927654078	49.3398841494929	3
"63"	11	10.5566469820789	10.4937599021135	896.833333333333	862.348275862069	-0.212561798821844	-0.150406772974033	33.5084457733341	34.6582028494755	3
"64"	15	10.5566469820789	10.4937599021135	896.833333333333	862.348275862069	-0.175599374155084	-0.107789377994262	53.4048743066585	55.0056617532287	3
"65"	19	8.76659030824373	8.65816098034854	1201.86666666667	1190.54482758621	-0.104843916860396	-0.0608250580905916	36.9724257270283	38.2900062307132	3
"66"	23	8.76659030824373	8.65816098034854	1201.86666666667	1190.54482758621	-0.0778324318523895	-0.041708221499102	57.7611395918003	59.3543988041394	3
"67"	27	14.5541446738351	14.4463309885057	373.333333333333	431.148275862069	-0.405581999609888	-0.268521916188765	27.1004507161284	30.3997522785587	3
"68"	31	14.5541446738351	14.4463309885057	373.333333333333	431.148275862069	-0.342905541778679	-0.205314299946432	44.641373843234	49.6799164225931	3
"69"	35	12.876008344086	12.8780010559881	1027.4	999.796551724138	-0.26298483128878	-0.197445159252232	32.1788848510562	33.8269421394571	3
"70"	39	12.876008344086	12.8780010559881	1027.4	999.796551724138	-0.201743636354904	-0.143629250411993	51.0295710478498	53.8400701745634	3
"71"	43	11.0325140071685	11.0394293362996	1427.76666666667	1390.35172413793	-0.0337956931230714	-0.0758760218065033	38.7997026808894	37.656626658712	3
"72"	47	11.0325140071685	11.0394293362996	1427.76666666667	1390.35172413793	-0.0210597520341456	-0.0528153132955248	60.1480015727014	58.6910331903615	3
"73"	51	14.1074482293907	15.1281880370782	489.033333333333	409.403448275862	-0.264829760420342	-0.346056786973804	30.6411522126893	28.4455175282393	3
"74"	55	14.1074482293907	15.1281880370782	489.033333333333	409.403448275862	-0.198544580389218	-0.269573479364318	50.408455087969	47.0108416950053	3
"75"	59	12.423204702509	13.633875759733	1111.26666666667	968.941379310345	-0.287101448721593	-0.285709786245275	32.6844820683432	31.9579350969737	3
"76"	63	12.423204702509	13.633875759733	1111.26666666667	968.941379310345	-0.221534940937832	-0.222056683040158	52.0068000435803	51.010546346966	3
"77"	67	10.5564331899642	11.8288123010753	1509	1333.32068965517	-0.0732141187971584	-0.0974136618334037	37.9911524747198	36.8167170133042	3
"78"	71	10.5564331899642	11.8288123010753	1509	1333.32068965517	-0.048291980208221	-0.061517661961747	59.0113537607049	57.6478197240951	3
"79"	75	14.4749392688172	15.3932577456433	542.166666666667	464.655172413793	-0.158749959715148	-0.307168801010738	31.480944814041	29.7118832934071	3
"80"	79	14.4749392688172	15.3932577456433	542.166666666667	464.655172413793	-0.0874695050149865	-0.23643085173675	52.0222512074855	48.6219827279933	3
"81"	83	12.9363631541219	13.9202714097145	1119.33333333333	1070.45862068966	-0.181594124127796	-0.261422575813604	32.2490135443108	32.3722250474264	3
"82"	87	12.9363631541219	13.9202714097145	1119.33333333333	1070.45862068966	-0.0972269963136244	-0.198841603009087	52.5112266743948	51.5575522109916	3
"83"	91	11.0945741505376	12.1056667141268	1489.76666666667	1468.16896551724	-0.0334325838542492	-0.129519884758663	37.8772073847963	35.9331895413109	3
"84"	95	11.0945741505376	12.1056667141268	1489.76666666667	1468.16896551724	-0.0234301352261935	-0.0848945139971968	59.236833173472	56.6131861132883	3
"85"	99	16.1134994695341	17.371764836485	408.3	456.472413793103	-0.436750686485168	-0.379581570562043	28.2400885703305	28.6849867279765	3
"86"	103	16.1134994695341	17.371764836485	408.3	456.472413793103	-0.360946224031165	-0.294149658182597	46.0991032858595	47.1497050138865	3
"87"	107	14.7590286451613	15.962450567297	1030.16666666667	1103.06551724138	-0.349202206531641	-0.327754001594165	31.1497241952407	31.0783154243464	3
"88"	111	14.7590286451613	15.962450567297	1030.16666666667	1103.06551724138	-0.302950546942283	-0.253443754126822	49.2370845577272	50.0280555209276	3
"89"	115	12.9392472114695	14.1732374682981	1371.8	1475.14827586207	-0.184255257721997	-0.245167140117138	33.8325063683608	32.9162387062512	3
"90"	119	12.9392472114695	14.1732374682981	1371.8	1475.14827586207	-0.112247865180985	-0.178174661938866	54.1640016802165	52.5172075114508	3
"91"	4	13.087145562724	12.1179056655543	435.2	391.610344827586	-0.170400686903838	-0.25186574173246	32.1311482255726	30.7571216025912	3
"92"	8	13.087145562724	12.1179056655543	435.2	391.610344827586	-0.087320891403121	-0.189862204086577	52.3275422349187	49.9391757616565	3
"93"	12	11.4100112258065	10.5465212680756	1024.33333333333	901.958620689655	-0.101721583593077	-0.144260655163885	35.5655502410437	35.0225216035509	3
"94"	16	11.4100112258065	10.5465212680756	1024.33333333333	901.958620689655	-0.0438522949171912	-0.0954541780555445	56.644061508248	55.4233058245914	3
"95"	20	9.56191939784946	8.68633336002966	1365.46666666667	1238.14482758621	-0.0363463443980997	-0.0567869297617186	38.2567497121228	38.4748568895022	3
"96"	24	9.56191939784946	8.68633336002966	1365.46666666667	1238.14482758621	-0.0230830737653168	-0.0361969316592104	59.6294858291715	59.5881734768872	3
"97"	28	13.2097106523297	14.2528348372265	457.4	418.931034482759	-0.221700457773436	-0.286981657326665	32.3290427482238	30.0343282348932	3
"98"	32	13.2097106523297	14.2528348372265	457.4	418.931034482759	-0.156290210388539	-0.219368359490813	52.2630016748942	49.3501309216791	3
"99"	36	11.7274478853047	12.7238703759733	982.3	971.596551724138	-0.207716939262431	-0.234676219592957	34.4882488211201	33.3571251782626	3
"100"	40	11.7274478853047	12.7238703759733	982.3	971.596551724138	-0.161904912268013	-0.179855592605304	54.5451639844942	53.2404793601386	3
"101"	44	9.94770372759857	10.9001225124212	1287.36666666667	1326.28965517241	-0.129545237443116	-0.133138680582003	37.0071655703171	36.6792240383638	3
"102"	48	9.94770372759857	10.9001225124212	1287.36666666667	1326.28965517241	-0.086079520595818	-0.0982781123412258	57.5007315248269	57.3174164076779	3
"103"	52	14.0388377634409	14.9306120444939	459.133333333333	427.575862068966	-0.337230637981814	-0.341141497497059	29.6488859626489	29.3585344452421	3
"104"	56	14.0388377634409	14.9306120444939	459.133333333333	427.575862068966	-0.291448939112971	-0.275499422552693	48.061077970751	48.0669854631893	3
"105"	60	12.5638076415771	13.40236758769	1141.06666666667	1004.04137931034	-0.198005369109338	-0.294624610988871	33.3743255030001	31.7352921170662	3
"106"	64	12.5638076415771	13.40236758769	1141.06666666667	1004.04137931034	-0.131283105822055	-0.230597363581306	53.7906374734058	50.907043847889	3
"107"	68	10.7405439283154	11.5769274987023	1570.13333333333	1380.36551724138	-0.0208076138074943	-0.122821698268653	39.3131477616018	36.3292863827845	3
"108"	72	10.7405439283154	11.5769274987023	1570.13333333333	1380.36551724138	-0.0182605461754991	-0.0893749695112538	60.6727735502774	56.949466832546	3
"109"	76	15.6187545663082	15.2603342335929	448.533333333333	448.875862068965	-0.235831232952418	-0.310022313862517	31.0826251405062	29.7685616754486	3
"110"	80	15.6187545663082	15.2603342335929	448.533333333333	448.875862068965	-0.134275082664415	-0.240759756088065	51.2893970691081	48.6462445932364	3
"111"	84	14.0085362150538	13.7664004286244	1007.26666666667	1063.23793103448	-0.232366975350393	-0.269279855182785	33.5191276675705	32.267710924269	3
"112"	88	14.0085362150538	13.7664004286244	1007.26666666667	1063.23793103448	-0.151784955924304	-0.204738624029326	53.4925647217084	51.4837022864624	3
"113"	92	12.1972411326165	11.9514483470523	1407.4	1474.76896551724	-0.159581170140461	-0.126047230911487	35.162196916001	36.1097856279683	3
"114"	96	12.1972411326165	11.9514483470523	1407.4	1474.76896551724	-0.103604321443395	-0.0878275925483039	55.9045949259648	56.7029063386061	3
"115"	100	16.5170039856631	17.3453332814238	467.533333333333	443.489655172414	-0.307004176366873	-0.359489378767651	30.0456941504238	28.4358844878438	3
"116"	104	16.5170039856631	17.3453332814238	467.533333333333	443.489655172414	-0.236503798977912	-0.285923914622073	48.6287381067343	46.9149321926779	3
"117"	108	15.0729275842294	15.8941900422692	1128.66666666667	1037.37931034483	-0.231967674925551	-0.308257884987813	33.224880161526	31.151412047502	3
"118"	112	15.0729275842294	15.8941900422692	1128.66666666667	1037.37931034483	-0.1776711540595	-0.231802249453187	52.5225904285231	50.3022279088987	3
"119"	116	13.2565456917563	14.0787236114201	1512.5	1392.80344827586	-0.136502592065793	-0.212232094929793	35.9892222443831	33.3834411527183	3
"120"	120	13.2565456917563	14.0787236114201	1512.5	1392.80344827586	-0.0929842678622844	-0.153065074156813	56.680515923606	53.3324885781036	3
