"rid"	"temp.short"	"temp.long"	"prec.short"	"prec.long"	"potential.short"	"potential.long"	"content.short"	"content.long"	"replicate"
"1"	1	12.8524136057348	12.3252273073786	399.633333333333	388.848275862069	-0.276155475798598	-0.293817405598591	30.3714067756983	29.7793766103593	8
"2"	5	12.8524136057348	12.3252273073786	399.633333333333	388.848275862069	-0.217872323615302	-0.237617862560182	48.9442321557587	48.2287078260035	8
"3"	9	11.3871611326165	10.7385117093066	925.5	905.306896551724	-0.203267754897253	-0.177755485263012	33.3976468792901	34.2245911560877	8
"4"	13	11.3871611326165	10.7385117093066	925.5	905.306896551724	-0.139347732016858	-0.126285286012591	52.7589359490231	54.110165900065	8
"5"	17	9.55090877419355	8.8733011449759	1259.83333333333	1246.71034482759	-0.0674591880428852	-0.0557325745713133	38.640851169897	38.5804173817242	8
"6"	21	9.55090877419355	8.8733011449759	1259.83333333333	1246.71034482759	-0.0456009168592082	-0.0365207916115749	59.6267652604774	59.6730589527995	8
"7"	25	14.468559297491	14.4735843811643	423.4	424.220689655172	-0.283504593268755	-0.281849234711434	31.0245354203526	30.2366718080825	8
"8"	29	14.468559297491	14.4735843811643	423.4	424.220689655172	-0.208328941382091	-0.21707762944973	50.6371521596034	49.5496295925554	8
"9"	33	12.9710694910394	12.9053116781609	991.933333333333	971.61724137931	-0.243334802568467	-0.2274214204424	33.3351267219329	33.242337154545	8
"10"	37	12.9710694910394	12.9053116781609	991.933333333333	971.61724137931	-0.168096327200915	-0.170988691530833	53.2352538688908	53.1720724234715	8
"11"	41	11.120863655914	11.0516335409714	1373.56666666667	1325.67931034483	-0.153327740160679	-0.128436002769843	35.451634673547	36.6927577922811	8
"12"	45	11.120863655914	11.0516335409714	1373.56666666667	1325.67931034483	-0.105650225613733	-0.0932919415215139	55.9453198692887	57.3636175810053	8
"13"	49	15.0065147670251	14.9035072940304	439.6	439.672413793103	-0.2179245166609	-0.28550876258718	31.8147256490055	30.3064875932576	8
"14"	53	15.0065147670251	14.9035072940304	439.6	439.672413793103	-0.178099015308623	-0.216066821984036	51.0141029642485	49.4058586166496	8
"15"	57	13.3959913835125	13.3034459562477	963.033333333333	1005.2724137931	-0.25653587731151	-0.240085036513671	32.881897164078	32.7891012682572	8
"16"	61	13.3959913835125	13.3034459562477	963.033333333333	1005.2724137931	-0.219072981460493	-0.179853743812973	52.1047460601253	52.3962170782286	8
"17"	65	11.5415640716846	11.449346979607	1331.9	1385.79310344828	-0.142536350118273	-0.100261049206371	35.5973599867439	36.871846692395	8
"18"	69	11.5415640716846	11.449346979607	1331.9	1385.79310344828	-0.123353602310879	-0.0659460619061941	55.7290226902286	57.739733609831	8
"19"	73	14.4096120286738	15.3377540452354	575.9	450.779310344828	-0.0757886686527234	-0.299349992170022	35.022547275155	30.1128577229663	8
"20"	77	14.4096120286738	15.3377540452354	575.9	450.779310344828	-0.0363694574176128	-0.233315007756104	56.1798273730187	49.0815283543989	8
"21"	81	12.7976918853047	13.8217369551353	1198.36666666667	1043.38275862069	-0.074632916238421	-0.257826436554036	36.2932260429127	32.5744645122437	8
"22"	85	12.7976918853047	13.8217369551353	1198.36666666667	1043.38275862069	-0.0342301196961991	-0.193998156481287	57.483700785455	51.9936079455033	8
"23"	89	10.9088686738351	11.9965643485354	1616.9	1435.68275862069	-0.0403126060561528	-0.129918222189479	38.2058794591077	36.001800916061	8
"24"	93	10.9088686738351	11.9965643485354	1616.9	1435.68275862069	-0.02378473686006	-0.0957815556862121	59.5631204002473	56.3577514350355	8
"25"	97	17.9667806451613	17.3060982558398	402.6	423.031034482759	-0.447316752521781	-0.36740259896553	25.2903075119521	27.7800225862776	8
"26"	101	17.9667806451613	17.3060982558398	402.6	423.031034482759	-0.329316288635078	-0.281488726461539	43.0155989180864	46.2879385186592	8
"27"	105	16.4824412329749	15.8967949736745	930.7	985.734482758621	-0.3224190244211	-0.297987976185006	30.1900723567818	30.7909796841085	8
"28"	109	16.4824412329749	15.8967949736745	930.7	985.734482758621	-0.243029459109774	-0.217496106585942	49.3439684645251	50.1365965872965	8
"29"	113	14.6836532473118	14.1079157093066	1259	1337.04482758621	-0.270415831335435	-0.212443390781622	31.5024412301348	33.4089101548068	8
"30"	117	14.6836532473118	14.1079157093066	1259	1337.04482758621	-0.222305172199323	-0.156306416522977	50.7086882743041	53.3481518231235	8
"31"	2	12.8402928888889	12.4826400563589	386.033333333333	378.031034482759	-0.405328536883252	-0.306329308405013	27.8470038651135	29.5995821214447	8
"32"	6	12.8402928888889	12.4826400563589	386.033333333333	378.031034482759	-0.360624291592345	-0.245987765742434	44.984746469547	48.1692615544651	8
"33"	10	11.1691791541219	10.9000339755284	912.766666666667	881.096551724138	-0.232350021612524	-0.200319979017273	32.5341264270715	33.8061571508403	8
"34"	14	11.1691791541219	10.9000339755284	912.766666666667	881.096551724138	-0.162475649673048	-0.140683827736252	51.7967210166731	53.5936940457649	8
"35"	18	9.31477032258065	9.04369975380052	1281.5	1212.08620689655	-0.0264219002060041	-0.0688214662883201	39.0506449132081	38.1838019491997	8
"36"	22	9.31477032258065	9.04369975380052	1281.5	1212.08620689655	-0.0197929311006551	-0.0430155736308795	60.4102707018838	59.2093517718578	8
"37"	26	14.8971981362007	14.5772673029292	411.533333333333	420.103448275862	-0.289093725005813	-0.290911560497085	30.4977791748206	30.0402476250327	8
"38"	30	14.8971981362007	14.5772673029292	411.533333333333	420.103448275862	-0.218465107638675	-0.22101980062014	50.3623990527148	49.3668348902635	8
"39"	34	13.2204219928315	13.0286373303671	948.3	970.472413793103	-0.233073205798548	-0.239084890312785	33.0548867495869	33.2522579037814	8
"40"	38	13.2204219928315	13.0286373303671	948.3	970.472413793103	-0.176218326889532	-0.182880649866768	53.2041144127457	53.2193015023582	8
"41"	42	11.3116064659498	11.1842723767149	1264.36666666667	1329.06206896552	-0.151849214724605	-0.136786567963861	36.2324284838075	36.6402585732724	8
"42"	46	11.3116064659498	11.1842723767149	1264.36666666667	1329.06206896552	-0.12138222421476	-0.101398216453297	56.8037438850236	57.2699909926035	8
"43"	50	15.3174855340502	14.9215175380052	444.8	428.565517241379	-0.268983648666459	-0.318557765712267	30.2822657727703	29.7957655956696	8
"44"	54	15.3174855340502	14.9215175380052	444.8	428.565517241379	-0.162906516300591	-0.241077051273509	50.1736509777173	48.8359922055173	8
"45"	58	13.7130975913978	13.3655596158695	962.233333333333	989.275862068965	-0.189018991739294	-0.264509089751319	33.6380620899459	32.392880140871	8
"46"	62	13.7130975913978	13.3655596158695	962.233333333333	989.275862068965	-0.110735212360677	-0.197745023788261	54.0495905059682	51.9209511106962	8
"47"	66	11.8573502365591	11.5259708817204	1325.4	1360.47586206897	-0.140020212058055	-0.108594449204979	35.6333165134882	36.4514936704754	8
"48"	70	11.8573502365591	11.5259708817204	1325.4	1360.47586206897	-0.0740276002179835	-0.0714019068852965	56.4817385351433	57.181745673844	8
"49"	74	16.1963049462366	15.4496131375603	374.133333333333	437.613793103448	-0.420961215093795	-0.314903805208719	27.2694709753079	30.0066031406432	8
"50"	78	16.1963049462366	15.4496131375603	374.133333333333	437.613793103448	-0.364017556174943	-0.254017787819465	44.0800990173691	48.5836328898428	8
"51"	82	14.7705308673835	13.9471256803856	880.366666666667	1033.06206896552	-0.333148618041238	-0.271347217564234	30.7817990565741	32.5163210624707	8
"52"	86	14.7705308673835	13.9471256803856	880.366666666667	1033.06206896552	-0.27306264245595	-0.21246209824303	48.9383690650708	51.6206429640669	8
"53"	90	12.9893422508961	12.1228866281053	1214.53333333333	1418.86896551724	-0.19788450437537	-0.138858984685733	34.2603014967299	35.9740428029653	8
"54"	94	12.9893422508961	12.1228866281053	1214.53333333333	1418.86896551724	-0.150002496769037	-0.0983207874939583	53.9905766478526	56.3682691983202	8
"55"	98	17.0047734623656	17.1806353963663	440.366666666667	453.806896551724	-0.324573544585301	-0.344881485916269	28.0726657472968	28.5738797456637	8
"56"	102	17.0047734623656	17.1806353963663	440.366666666667	453.806896551724	-0.258301098533019	-0.268419661262207	46.9488919462159	47.3480109858535	8
"57"	106	15.6832149247312	15.7681832480534	998.7	1036.89310344828	-0.29118295006076	-0.293173854469364	30.0359626828648	31.1355535418412	8
"58"	110	15.6832149247312	15.7681832480534	998.7	1036.89310344828	-0.189290525475391	-0.215074955063396	49.6437141345705	50.5269846877526	8
"59"	114	13.8913363154122	13.9658620941787	1384.16666666667	1399.42413793103	-0.160155262701865	-0.199108299300637	35.6219522759573	33.8676429623688	8
"60"	118	13.8913363154122	13.9658620941787	1384.16666666667	1399.42413793103	-0.113904513532981	-0.140903034495632	56.1757300883644	54.0702974032101	8
"61"	3	11.5583543369176	12.2259633147942	374.5	376.920689655172	-0.293413291502328	-0.2814147478988	29.6194971432727	29.7280268207597	8
"62"	7	11.5583543369176	12.2259633147942	374.5	376.920689655172	-0.230244631363642	-0.21969459346832	48.2167315810458	48.6660676564151	8
"63"	11	10.0032158566308	10.6541784649611	925.666666666667	887.241379310345	-0.148913090303809	-0.164532857994424	35.8419527758229	34.5532809753476	8
"64"	15	10.0032158566308	10.6541784649611	925.666666666667	887.241379310345	-0.113617525827942	-0.118876486253348	56.3269189899303	54.7844481313999	8
"65"	19	8.11743039426523	8.80354073266592	1298.36666666667	1229.15172413793	-0.0208957765647459	-0.0599571622834783	39.7378541569227	38.3012169928939	8
"66"	23	8.11743039426523	8.80354073266592	1298.36666666667	1229.15172413793	-0.0178861167845602	-0.0401148008297361	61.0974799455983	59.3895702171605	8
"67"	27	13.6775816774194	14.6093230418984	498.1	422.9	-0.123818440200576	-0.322254009232107	33.3228955738264	29.6136679223984	8
"68"	31	13.6775816774194	14.6093230418984	498.1	422.9	-0.059073274516879	-0.246183657538354	54.2397267305926	48.6898682693018	8
"69"	35	12.1020518996416	13.060387679644	1062.53333333333	1002.73448275862	-0.072390982005617	-0.232039122705712	35.579145951785	33.2948488214474	8
"70"	39	12.1020518996416	13.060387679644	1062.53333333333	1002.73448275862	-0.0394473637575007	-0.179149854696565	56.8226016781759	53.086075519131	8
"71"	43	10.2309256200717	11.2305441201335	1440.73333333333	1392.40344827586	-0.0204339844932786	-0.0923987923068615	39.4566607993885	37.1502649149451	8
"72"	47	10.2309256200717	11.2305441201335	1440.73333333333	1392.40344827586	-0.0180401064618809	-0.060853096063381	60.8162865880642	58.1186401455253	8
"73"	51	13.4064205878136	14.5976637226548	479.5	436.413793103448	-0.154287011814535	-0.284577486279106	32.3712824756787	29.7466101892432	8
"74"	55	13.4064205878136	14.5976637226548	479.5	436.413793103448	-0.0905531972888546	-0.218332259114777	52.7185319379084	48.8960081250112	8
"75"	59	11.9428400716846	13.0884567549129	1103.93333333333	1000.96896551724	-0.181620731776175	-0.213971160715502	34.4940418974201	33.1118332244973	8
"76"	63	11.9428400716846	13.0884567549129	1103.93333333333	1000.96896551724	-0.111376759567294	-0.150423111829969	54.6469313845983	52.8910804737529	8
"77"	67	10.1396116702509	11.2732398220245	1484.96666666667	1368.68620689655	-0.0189587240965512	-0.0889474277420901	39.8283988017155	37.1241764794475	8
"78"	71	10.1396116702509	11.2732398220245	1484.96666666667	1368.68620689655	-0.0171908327220549	-0.0609626745923857	61.1880245903911	58.0365022976082	8
"79"	75	15.544213734767	15.7061537589915	433.6	431.220689655172	-0.243047166858161	-0.334856925516384	31.0718245783393	29.3102253379249	8
"80"	79	15.544213734767	15.7061537589915	433.6	431.220689655172	-0.17235482628486	-0.261944168313731	51.2160033112394	48.0710380646127	8
"81"	83	13.9913895197133	14.2148220066741	980.433333333333	1011.51034482759	-0.253815345675187	-0.290161596698446	32.9717732120549	32.0287200600698	8
"82"	87	13.9913895197133	14.2148220066741	980.433333333333	1011.51034482759	-0.176044095424598	-0.220797335798514	52.5312664300648	51.1404309941832	8
"83"	91	12.1916068817204	12.4061318902484	1332.56666666667	1398.73793103448	-0.151188048426798	-0.16239902057176	35.5901872123511	35.3586850696537	8
"84"	95	12.1916068817204	12.4061318902484	1332.56666666667	1398.73793103448	-0.104827405375075	-0.11779523245572	56.0443089357906	55.7207175497034	8
"85"	99	15.777403125448	17.0814475624768	498.833333333333	484.420689655172	-0.127292978643068	-0.290008510728452	35.0589680711393	29.7912039503195	8
"86"	103	15.777403125448	17.0814475624768	498.833333333333	484.420689655172	-0.0725101466353216	-0.208784717660907	55.9551507555361	48.9287581075484	8
"87"	107	14.2901923010753	15.6291933229514	1140.13333333333	1132.35517241379	-0.102249291988908	-0.25690883289732	36.779455244875	32.0659824840273	8
"88"	111	14.2901923010753	15.6291933229514	1140.13333333333	1132.35517241379	-0.0610042545473869	-0.183405147131458	57.7463805100043	51.5020966495337	8
"89"	115	12.4686917992832	13.8279629098999	1508.26666666667	1527.56206896552	-0.100932290526643	-0.171168743158921	37.358853683029	34.4718659663953	8
"90"	119	12.4686917992832	13.8279629098999	1508.26666666667	1527.56206896552	-0.0642321761904726	-0.115758003568827	58.3037299629701	54.7936851980341	8
"91"	4	12.0543077562724	12.1538462973674	415.3	359.479310344828	-0.0766200696462242	-0.300068971711876	33.2327167846737	29.4454399408856	8
"92"	8	12.0543077562724	12.1538462973674	415.3	359.479310344828	-0.0436054248713467	-0.244006095828319	54.0151263110017	48.0970359169857	8
"93"	12	10.5345094193548	10.6252520741565	884.666666666667	829.289655172414	-0.0733068402324037	-0.198216393866228	35.7174453684402	33.8914219215692	8
"94"	16	10.5345094193548	10.6252520741565	884.666666666667	829.289655172414	-0.0348671795665171	-0.148534752399909	57.01962933999	53.7420779587765	8
"95"	20	8.67685827956989	8.77605274008157	1202	1141.77586206897	-0.0216640984692471	-0.0780581480253113	39.334596069205	37.6981922224947	8
"96"	24	8.67685827956989	8.77605274008157	1202	1141.77586206897	-0.0187510087206334	-0.0522104917671142	60.6566859036244	58.6128326022746	8
"97"	28	14.7281320716846	14.3959455736003	376.266666666667	428.062068965517	-0.260023426979297	-0.265234487216785	29.2331283595941	30.489302296654	8
"98"	32	14.7281320716846	14.3959455736003	376.266666666667	428.062068965517	-0.210246161658479	-0.197461563818363	48.4937781428265	50.0752643490562	8
"99"	36	13.1979051039427	12.8442909143493	950.233333333333	999.168965517241	-0.239446274047426	-0.204475518486418	32.7478685471354	33.7547411334551	8
"100"	40	13.1979051039427	12.8442909143493	950.233333333333	999.168965517241	-0.18877080609116	-0.155131218807993	52.2084621437939	53.8759019495987	8
"101"	44	11.3882907670251	11.0089646807564	1326.66666666667	1360.59310344828	-0.157554124904579	-0.0826616457578136	35.9784149784197	37.7560472508539	8
"102"	48	11.3882907670251	11.0089646807564	1326.66666666667	1360.59310344828	-0.129407775870432	-0.058018169492445	56.452429024312	58.7319585385591	8
"103"	52	15.3124911684588	14.8556963945124	407.1	431.9	-0.426727359502335	-0.308200436262879	27.6330245010556	29.4026844644343	8
"104"	56	15.3124911684588	14.8556963945124	407.1	431.9	-0.339496953212533	-0.22775915318713	45.8010503918282	48.3802197372284	8
"105"	60	13.7129861505376	13.2978134297367	986.866666666667	974.831034482759	-0.367965533514482	-0.228921534655662	31.026889767331	32.4420082858517	8
"106"	64	13.7129861505376	13.2978134297367	986.866666666667	974.831034482759	-0.311329419910118	-0.166916311037102	49.5458125081528	51.986244228729	8
"107"	68	11.8832718709677	11.4447045250278	1366.13333333333	1334.5	-0.0957263486293348	-0.0711212971523422	36.5356401817335	36.9883111401163	8
"108"	72	11.8832718709677	11.4447045250278	1366.13333333333	1334.5	-0.0428009191401357	-0.0410943541562941	57.4510975652082	58.0530294964545	8
"109"	76	14.6143891039427	15.437101020393	565.466666666667	437.044827586207	-0.100114883628105	-0.303581128755243	32.8951369009536	29.9488589366423	8
"110"	80	14.6143891039427	15.437101020393	565.466666666667	437.044827586207	-0.0638955010723977	-0.238404716637603	53.0396262027344	48.7863124023828	8
"111"	84	13.1271644157706	13.9300707868001	1186.66666666667	1014.35862068966	-0.105187738788349	-0.260395341196706	34.5123981639301	32.2841372974879	8
"112"	88	13.1271644157706	13.9300707868001	1186.66666666667	1014.35862068966	-0.0569034498952135	-0.19993031279336	54.7876841131366	51.4845183329369	8
"113"	92	11.2976532473118	12.1036520400445	1608.66666666667	1386.0724137931	-0.0252870938700223	-0.117882223367209	38.6733076817148	36.5604757276398	8
"114"	96	11.2976532473118	12.1036520400445	1608.66666666667	1386.0724137931	-0.0201100816823402	-0.0825312888450193	60.0625885147891	57.1343349071351	8
"115"	100	15.6184499641577	16.8856668209121	498.5	453.727586206897	-0.314821450309804	-0.327910244775854	30.2686027186613	29.3680857578675	8
"116"	104	15.6184499641577	16.8856668209121	498.5	453.727586206897	-0.232871324957905	-0.251974961434331	49.6405940181586	48.2766519754103	8
"117"	108	14.3170775770609	15.4507052591769	1106.46666666667	1047.78620689655	-0.252902857535897	-0.289725175938453	32.2718205173606	31.4731773834213	8
"118"	112	14.3170775770609	15.4507052591769	1106.46666666667	1047.78620689655	-0.181717315699394	-0.214827452766692	51.9388936739818	50.7999806034544	8
"119"	116	12.5597885304659	13.6627635550612	1436.6	1401.05172413793	-0.194091103191705	-0.201928961332053	33.6421523229046	33.7719717868234	8
"120"	120	12.5597885304659	13.6627635550612	1436.6	1401.05172413793	-0.121342573527963	-0.141803524849448	53.6295502066445	53.7737305561981	8
