"rid"	"temp.short"	"temp.long"	"prec.short"	"prec.long"	"potential.short"	"potential.long"	"content.short"	"content.long"	"replicate"
"1"	1	12.0804993978495	11.9021931865035	414.3	405.648275862069	-0.273927217941198	-0.236658774075208	29.332145511339	30.7240081854089	17
"2"	5	12.0804993978495	11.9021931865035	414.3	405.648275862069	-0.212239509885831	-0.174403928928528	47.8534960903776	49.8984168622965	17
"3"	9	10.4415297921147	10.3417388950686	938.4	915.268965517241	-0.162032275280985	-0.137650656382904	34.30786092824	35.0392278811095	17
"4"	13	10.4415297921147	10.3417388950686	938.4	915.268965517241	-0.100021258761724	-0.0874736024787605	54.1242935044625	55.426386203452	17
"5"	17	8.61316953405018	8.49883269558769	1324.1	1268.45517241379	-0.0419418529381667	-0.0460735282023447	38.6325263471962	38.7184406056529	17
"6"	21	8.61316953405018	8.49883269558769	1324.1	1268.45517241379	-0.0307133420795065	-0.0315065391687782	59.6276773896458	59.7935901608244	17
"7"	25	14.7148836989247	14.2689955016685	451.133333333333	441.537931034483	-0.288893308659445	-0.254277399017636	30.8576009240098	31.0627682940257	17
"8"	29	14.7148836989247	14.2689955016685	451.133333333333	441.537931034483	-0.205173807762475	-0.183419187424537	50.3207498607991	50.6604474232945	17
"9"	33	13.2072631111111	12.7172577219132	1072.8	1031.3	-0.219892618250097	-0.18811386326395	33.9226817102271	34.1747549693285	17
"10"	37	13.2072631111111	12.7172577219132	1072.8	1031.3	-0.16431066838624	-0.131706101097296	53.647443405738	54.2335976282406	17
"11"	41	11.3940963870968	10.8843179962922	1537.53333333333	1436.8724137931	-0.0658388458150776	-0.0591927752216333	38.2653352422619	37.9408271054606	17
"12"	45	11.3940963870968	10.8843179962922	1537.53333333333	1436.8724137931	-0.031529962703816	-0.0324984223432439	59.4739548511531	59.1432298335716	17
"13"	49	14.7603642437276	14.8790080637746	356.833333333333	402.927586206897	-0.319775698203056	-0.305461380610764	28.8463272150733	29.4190965495598	17
"14"	53	14.7603642437276	14.8790080637746	356.833333333333	402.927586206897	-0.244895504617099	-0.232982872183774	48.1023106566733	48.5592738104767	17
"15"	57	13.284744688172	13.340899335558	766.433333333333	921.348275862069	-0.232659786248279	-0.248125110921109	33.1780442791491	32.7013638958784	17
"16"	61	13.284744688172	13.340899335558	766.433333333333	921.348275862069	-0.193327808900976	-0.194264417455786	52.7886438065007	52.1912766620979	17
"17"	65	11.4604281290323	11.4995736625881	1023.46666666667	1260.03103448276	-0.168853537954417	-0.121045658570097	34.9557718372501	36.2909866713237	17
"18"	69	11.4604281290323	11.4995736625881	1023.46666666667	1260.03103448276	-0.114651621086707	-0.0792027580048713	55.2430758952851	56.9278030462821	17
"19"	73	15.5420297204301	15.2098503997034	366.933333333333	439.5	-0.414152117665193	-0.3260848580141	26.6581562055526	29.1499936268986	17
"20"	77	15.5420297204301	15.2098503997034	366.933333333333	439.5	-0.348279999515945	-0.255786717408359	43.5497286075554	47.8017294209946	17
"21"	81	14.0590138637993	13.7271415350389	896.566666666667	1000.1275862069	-0.24220310089703	-0.243217201838601	32.0559308800606	32.5433685640929	17
"22"	85	14.0590138637993	13.7271415350389	896.566666666667	1000.1275862069	-0.173054280389611	-0.177363721305339	51.1233295924637	51.9157988597349	17
"23"	89	12.2893959283154	11.9236786399703	1223.93333333333	1373.55172413793	-0.104313495298687	-0.110391089864997	36.1476552787846	36.3164537783045	17
"24"	93	12.2893959283154	11.9236786399703	1223.93333333333	1373.55172413793	-0.0673502847231666	-0.0697253235706901	57.064221759169	57.1233708899315	17
"25"	97	16.6464102222222	17.1796977115313	439.7	447.962068965517	-0.295087285424838	-0.34364269329018	27.4061765317144	27.9717141883047	17
"26"	101	16.6464102222222	17.1796977115313	439.7	447.962068965517	-0.221721303902571	-0.25486631625342	46.2724899634205	46.6873109533156	17
"27"	105	15.1860072688172	15.7346336596218	1029.1	1072.4275862069	-0.291509264381646	-0.307130670894899	29.9594552086221	30.7037609402979	17
"28"	109	15.1860072688172	15.7346336596218	1029.1	1072.4275862069	-0.202014272749547	-0.229596355578504	48.8653448536847	49.7329396766148	17
"29"	113	13.3780950394265	13.9250755891732	1386.06666666667	1444.07931034483	-0.112673067182833	-0.189881420148919	35.5609045657085	33.7866773394138	17
"30"	117	13.3780950394265	13.9250755891732	1386.06666666667	1444.07931034483	-0.0598650250772019	-0.134303623939361	56.4077453778861	53.8682158709345	17
"31"	2	12.3385264802867	12.2230707912495	366	393.665517241379	-0.248702270873903	-0.250952214883291	31.3053908099164	30.5351345364426	17
"32"	6	12.3385264802867	12.2230707912495	366	393.665517241379	-0.203545362297128	-0.197714729549457	50.5072811688451	49.5523331153234	17
"33"	10	10.8090633691756	10.6585532562106	811.266666666667	913.189655172414	-0.214066795844403	-0.15493292558374	33.8421714241373	34.788120914545	17
"34"	14	10.8090633691756	10.6585532562106	811.266666666667	913.189655172414	-0.174143359051929	-0.107965900265848	53.4526751798274	54.9657775176021	17
"35"	18	8.92600352688172	8.81575422914349	1106.23333333333	1264.07586206897	-0.091880393765028	-0.0462106880362275	37.7946022644316	38.8290283591521	17
"36"	22	8.92600352688172	8.81575422914349	1106.23333333333	1264.07586206897	-0.0564446461252453	-0.0307387450485743	58.6861525669975	59.993091834498	17
"37"	26	13.7720337204301	14.3189144130515	438.466666666667	434.575862068966	-0.207248642822676	-0.260097586832195	32.2555538515167	30.9287801735182	17
"38"	30	13.7720337204301	14.3189144130515	438.466666666667	434.575862068966	-0.160271909987753	-0.185058282217533	52.1952608701456	50.4538948981527	17
"39"	34	12.2032915412186	12.7672001868743	1025.73333333333	1001.96551724138	-0.186689416298904	-0.194087349928241	33.9803121597764	34.0519879106261	17
"40"	38	12.2032915412186	12.7672001868743	1025.73333333333	1001.96551724138	-0.141216329000674	-0.134310890171603	54.325384567996	54.194941594622	17
"41"	42	10.3793088028674	10.9287431620319	1365.9	1388.0724137931	-0.0335928601602897	-0.0588038318245594	39.3028408729636	37.8095373176586	17
"42"	46	10.3793088028674	10.9287431620319	1365.9	1388.0724137931	-0.0208310312194282	-0.0339784067076747	60.6301762004795	58.9860045571629	17
"43"	50	15.262060874552	14.9522040029663	419.366666666667	401.934482758621	-0.35006613062058	-0.312801997250128	28.29548509541	28.9347211525404	17
"44"	54	15.262060874552	14.9522040029663	419.366666666667	401.934482758621	-0.24364924026496	-0.243238794016786	47.0457469811431	47.760895302198	17
"45"	58	13.6647976487455	13.4430498598443	938.6	919.648275862069	-0.254746380639423	-0.247756593266223	31.7268630143075	32.4534347732749	17
"46"	62	13.6647976487455	13.4430498598443	938.6	919.648275862069	-0.18688546188048	-0.18867756931665	50.993215101754	51.9207938596176	17
"47"	66	11.8182350394265	11.6288790329996	1291.9	1259.96206896552	-0.0900297975405195	-0.107475580682854	36.2996193409581	36.3897474339034	17
"48"	70	11.8182350394265	11.6288790329996	1291.9	1259.96206896552	-0.0470897864705262	-0.0702353306741843	56.9437771512565	57.147376407729	17
"49"	74	15.0211052329749	15.2465951605488	429.166666666667	440.813793103448	-0.267389281811229	-0.323556414813779	30.0859843014894	29.534214893706	17
"50"	78	15.0211052329749	15.2465951605488	429.166666666667	440.813793103448	-0.203159239627807	-0.253797004658582	49.166842695918	48.2239400045908	17
"51"	82	13.5039410035842	13.7464449922136	1003.7	1013.35517241379	-0.239114426760037	-0.251547243469731	32.5342470018493	32.7340574615335	17
"52"	86	13.5039410035842	13.7464449922136	1003.7	1013.35517241379	-0.173372206155715	-0.185587996355446	52.1061124159277	52.1519389046381	17
"53"	90	11.6516698494624	11.9316132354468	1385.86666666667	1392.01379310345	-0.0712497675765262	-0.125020555961003	37.5848419653717	35.9364426714574	17
"54"	94	11.6516698494624	11.9316132354468	1385.86666666667	1392.01379310345	-0.0423611495071588	-0.0825123933468917	58.2762427838192	56.5987878687367	17
"55"	98	18.0874930896057	17.3606054727475	470.566666666667	461.979310344828	-0.313898604952017	-0.347714367567957	28.4838672237305	28.0625340649053	17
"56"	102	18.0874930896057	17.3606054727475	470.566666666667	461.979310344828	-0.22082457949	-0.251516201371491	48.1858185100592	46.8461601518092	17
"57"	106	16.6380320573477	15.9218346948461	1079.56666666667	1098.81724137931	-0.335365794959299	-0.310073767647733	30.0849684102816	30.7599086943441	17
"58"	110	16.6380320573477	15.9218346948461	1079.56666666667	1098.81724137931	-0.243545892291363	-0.232549446002027	49.6747396087739	49.7912163469627	17
"59"	114	14.8353605591398	14.1270704842418	1466	1482.38620689655	-0.228128836815984	-0.212710129214416	32.9630710788384	33.5323416368905	17
"60"	118	14.8353605591398	14.1270704842418	1466	1482.38620689655	-0.1796039947783	-0.157464350027472	52.7789604702572	53.4192806146938	17
"61"	3	11.9957268387097	11.8555015394883	399.566666666667	381.203448275862	-0.153035951781827	-0.233264111758156	32.6838408441665	31.050644466525	17
"62"	7	11.9957268387097	11.8555015394883	399.566666666667	381.203448275862	-0.100978474828131	-0.170680641667852	52.6553408810953	50.3708163191572	17
"63"	11	10.3908830250896	10.2723598561364	904.066666666667	872.896551724138	-0.127717629103216	-0.141830319049047	35.6391996072635	35.0338650891927	17
"64"	15	10.3908830250896	10.2723598561364	904.066666666667	872.896551724138	-0.102451200167045	-0.0969748929244856	56.1213735005945	55.5461309085786	17
"65"	19	8.50741601433692	8.39036387096774	1244.26666666667	1204.12068965517	-0.050294861775636	-0.0682496972392064	39.283535920655	38.3220261161575	17
"66"	23	8.50741601433692	8.39036387096774	1244.26666666667	1204.12068965517	-0.0305251102822021	-0.0444817369261202	60.3895162230856	59.3571842036722	17
"67"	27	13.1170301075269	14.1474144263997	446.833333333333	447.255172413793	-0.20019601248279	-0.243739808228785	32.7282056946192	30.8848186497579	17
"68"	31	13.1170301075269	14.1474144263997	446.833333333333	447.255172413793	-0.157709298799861	-0.180537945813924	52.6661238427712	50.5899317603251	17
"69"	35	11.5973749964158	12.6139443381535	1022.6	1039.00344827586	-0.192258190671039	-0.175631518757457	34.0477254278047	34.3467053049733	17
"70"	39	11.5973749964158	12.6139443381535	1022.6	1039.00344827586	-0.143777313994996	-0.133045885909643	54.20788514189	54.5663975292927	17
"71"	43	9.80432146236559	10.7836789217649	1386.4	1440.78275862069	-0.126246089111882	-0.0759897791153251	37.4863462330191	37.679759799044	17
"72"	47	9.80432146236559	10.7836789217649	1386.4	1440.78275862069	-0.107063806087126	-0.0531796341098679	57.9769018830085	58.6847462450242	17
"73"	51	14.1306631111111	14.7906248290693	485.366666666667	422.851724137931	-0.228916380366454	-0.32715338195182	31.2011802666618	29.5600689917577	17
"74"	55	14.1306631111111	14.7906248290693	485.366666666667	422.851724137931	-0.16403651736988	-0.257147894958252	50.956152513327	48.5337622818356	17
"75"	59	12.6159069390681	13.2388787586207	1106.96666666667	999.158620689655	-0.230174519541926	-0.260717990162577	33.1928202512412	32.4811670933447	17
"76"	63	12.6159069390681	13.2388787586207	1106.96666666667	999.158620689655	-0.170601231860565	-0.203080096404438	52.7574270489151	51.7803798044203	17
"77"	67	10.8162642724014	11.4028600608083	1514.56666666667	1378.23793103448	-0.0374976285460831	-0.103365551599257	38.8130901929163	36.9453723149685	17
"78"	71	10.8162642724014	11.4028600608083	1514.56666666667	1378.23793103448	-0.0222364066962721	-0.0776322322254821	60.1726016880238	57.6771479595449	17
"79"	75	14.9672776774194	15.3872147526882	436.466666666667	435.655172413793	-0.206376958581168	-0.299247218693969	30.5436011403222	29.8979857984133	17
"80"	79	14.9672776774194	15.3872147526882	436.466666666667	435.655172413793	-0.13326058012208	-0.228047093376265	50.8975353111264	49.162154182851	17
"81"	83	13.4211720430108	13.9189896937338	1045.66666666667	1019.76896551724	-0.176365464118939	-0.260319025632593	33.8538220285665	32.5116080868567	17
"82"	87	13.4211720430108	13.9189896937338	1045.66666666667	1019.76896551724	-0.0956267080993422	-0.198962297812036	54.342641449341	51.7795479379571	17
"83"	91	11.601629046595	12.1199355565443	1459.83333333333	1420.8275862069	-0.0755892705592492	-0.139960357679387	37.1057052482548	35.7183286463445	17
"84"	95	11.601629046595	12.1199355565443	1459.83333333333	1420.8275862069	-0.0327761455381706	-0.0940957069038401	58.3995207331218	56.2169730011768	17
"85"	99	17.83384209319	17.3267364879496	460.333333333333	467.879310344828	-0.247956239933376	-0.324022034062827	30.4980633614795	29.3355339057051	17
"86"	103	17.83384209319	17.3267364879496	460.333333333333	467.879310344828	-0.159019678227505	-0.240444926163535	50.6367146287793	48.4864416685148	17
"87"	107	16.2958635412186	15.8745173392659	1067.16666666667	1100.13448275862	-0.255132810814793	-0.31332273585159	32.7558017636021	31.4129900428933	17
"88"	111	16.2958635412186	15.8745173392659	1067.16666666667	1100.13448275862	-0.175132497176778	-0.235314737164938	52.8498332884262	50.7074108590577	17
"89"	115	14.4689863799283	14.0728295736003	1440.9	1482.81379310345	-0.176709938845434	-0.227486249845507	34.1440753465382	33.2520059411758	17
"90"	119	14.4689863799283	14.0728295736003	1440.9	1482.81379310345	-0.136728685322066	-0.163502554739475	54.3183299931481	53.1234928119253	17
"91"	4	10.8427299784946	12.0805508965517	417.133333333333	398.293103448276	-0.0919152257678284	-0.223863397154905	33.7537455491257	30.8624134908836	17
"92"	8	10.8427299784946	12.0805508965517	417.133333333333	398.293103448276	-0.0510714935183224	-0.166830861840171	54.328295212929	50.3041372270108	17
"93"	12	9.25891731899642	10.4763419206526	936.066666666667	908.958620689655	-0.0414756235323184	-0.148493943570234	37.5586576483099	34.9963322844816	17
"94"	16	9.25891731899642	10.4763419206526	936.066666666667	908.958620689655	-0.0249012157202485	-0.105783535762471	58.9026181747761	55.2229867230791	17
"95"	20	7.37042140501792	8.63632450574713	1297.93333333333	1260.07931034483	-0.0169964605557605	-0.0520536751243907	40.2030104781597	38.7837844627599	17
"96"	24	7.37042140501792	8.63632450574713	1297.93333333333	1260.07931034483	-0.0163196925749144	-0.0355661863218247	61.5626362668353	59.9211313267575	17
"97"	28	12.6702749390681	14.067361020393	479.6	419.289655172414	-0.0858962357956676	-0.262292339401383	34.7787420668674	30.2892605018734	17
"98"	32	12.6702749390681	14.067361020393	479.6	419.289655172414	-0.0450037931072937	-0.194582508600831	55.6398627560972	49.5442666123875	17
"99"	36	11.1292754695341	12.4856563574342	983.333333333333	956.91724137931	-0.0992196505140347	-0.193940624191883	35.2828551121665	33.8074298658965	17
"100"	40	11.1292754695341	12.4856563574342	983.333333333333	956.91724137931	-0.0470506362308373	-0.13372032461969	56.303448079195	53.9970278934825	17
"101"	44	9.32369318996416	10.6356076959585	1307	1309.97931034483	-0.0207067476124602	-0.0696191825848212	39.4233302777641	37.7198635323513	17
"102"	48	9.32369318996416	10.6356076959585	1307	1309.97931034483	-0.0181807342155483	-0.0468332484892357	60.7829560664397	58.8460078978894	17
"103"	52	14.1000569318996	14.7942069158324	452.366666666667	418.551724137931	-0.249875751561629	-0.312715592402201	29.7292420113799	29.0567652204105	17
"104"	56	14.1000569318996	14.7942069158324	452.366666666667	418.551724137931	-0.170692520037666	-0.239002824611903	49.3912047484809	47.9805477421508	17
"105"	60	12.6924461362007	13.2802870166852	1060.1	970.98275862069	-0.250725185132548	-0.256351525239878	32.9833323874595	32.2882519675533	17
"106"	64	12.6924461362007	13.2802870166852	1060.1	970.98275862069	-0.187679743923332	-0.190379414088548	52.3541500400337	51.6670427132661	17
"107"	68	10.9269933189964	11.461307209492	1439.76666666667	1327.30344827586	-0.0768110943431343	-0.103574353901533	37.8145249654391	36.5778331403966	17
"108"	72	10.9269933189964	11.461307209492	1439.76666666667	1327.30344827586	-0.0529379340764279	-0.0682154005444815	58.3780447974306	57.3268230658929	17
"109"	76	14.9592768315412	15.2585085472747	445.7	441.4	-0.224270401799317	-0.351852691396364	29.5431570458886	28.724281218715	17
"110"	80	14.9592768315412	15.2585085472747	445.7	441.4	-0.138512834288094	-0.286242419953983	49.7878127890878	46.9962265822075	17
"111"	84	13.425144172043	13.7812509395625	1037.93333333333	1053.99310344828	-0.20597431473022	-0.282428648354187	33.3504095251432	31.9324154537936	17
"112"	88	13.425144172043	13.7812509395625	1037.93333333333	1053.99310344828	-0.120926369738077	-0.20624909617926	53.3667858226106	51.1643608478592	17
"113"	92	11.6362819641577	11.9748247074527	1426.43333333333	1454.22413793103	-0.100889648556117	-0.105482374630831	36.1389634027625	36.6392322902454	17
"114"	96	11.6362819641577	11.9748247074527	1426.43333333333	1454.22413793103	-0.0442958168035521	-0.0678475822197669	57.2163488544886	57.4605972996492	17
"115"	100	17.5093557562724	17.3073383196144	446.566666666667	448.093103448276	-0.255468258868081	-0.347217573791698	31.7303283880531	28.4680831350252	17
"116"	104	17.5093557562724	17.3073383196144	446.566666666667	448.093103448276	-0.173902950025941	-0.262436727555706	51.6700893826342	47.2633481644346	17
"117"	108	16.0437973476702	15.8725796826103	1104.2	1067.36206896552	-0.268999868803954	-0.311586190538011	33.3761715614404	30.9061582786485	17
"118"	112	16.0437973476702	15.8725796826103	1104.2	1067.36206896552	-0.196875066958153	-0.236744749996627	53.2149682584489	49.979655629748	17
"119"	116	14.2184144086022	14.0820979517983	1460.6	1430.64137931034	-0.22813188633208	-0.212330192199105	34.0548249627968	33.4922519650272	17
"120"	120	14.2184144086022	14.0820979517983	1460.6	1430.64137931034	-0.173978482553401	-0.157126536570659	53.8713956432294	53.3507845872981	17
