"rid"	"temp.short"	"temp.long"	"prec.short"	"prec.long"	"potential.short"	"potential.long"	"content.short"	"content.long"	"replicate"
"1"	1	12.0787323010753	11.9820820645161	359.066666666667	378.913793103448	-0.327526461971175	-0.256108846940254	28.8019487785477	30.350025084071	14
"2"	5	12.0787323010753	11.9820820645161	359.066666666667	378.913793103448	-0.283990322912635	-0.20422738668591	47.1187656140212	49.476261256361	14
"3"	9	10.4831094336918	10.44878526066	818.8	867.637931034483	-0.186107506231277	-0.152272352220426	34.8867004286604	34.650670008137	14
"4"	13	10.4831094336918	10.44878526066	818.8	867.637931034483	-0.168292400717813	-0.107384860960447	54.6983451430814	54.9367960930007	14
"5"	17	8.58142005734767	8.59622755209492	1132.23333333333	1195.48620689655	-0.0908781828511667	-0.0550397218018348	37.139126146371	38.2900510894142	14
"6"	21	8.58142005734767	8.59622755209492	1132.23333333333	1195.48620689655	-0.0675437257520045	-0.0382565504615401	57.8146769612217	59.347036149843	14
"7"	25	15.3205629820789	14.8141565116796	400.166666666667	411.744827586207	-0.447328754561029	-0.338653647260906	28.0008509248031	29.4463464297108	14
"8"	29	15.3205629820789	14.8141565116796	400.166666666667	411.744827586207	-0.365330558297686	-0.264586716408523	46.5196329431185	48.4186428343185	14
"9"	33	13.8050263512545	13.3000063789396	1045.3	977.965517241379	-0.361488317636339	-0.277592177102117	31.6700632252748	32.5773154463219	14
"10"	37	13.8050263512545	13.3000063789396	1045.3	977.965517241379	-0.289704409089703	-0.216452888022067	50.7249785472037	52.1010708574205	14
"11"	41	12.0064840143369	11.4897997538005	1446.06666666667	1358.34482758621	-0.189002469529403	-0.13482916374156	34.9602615608832	36.3083327885974	14
"12"	45	12.0064840143369	11.4897997538005	1446.06666666667	1358.34482758621	-0.138485211951739	-0.0992545637613792	55.3653998306752	56.9342239966593	14
"13"	49	14.2708495770609	14.90189706637	475.866666666667	427.586206896552	-0.324781488168557	-0.309468627824574	30.1225093068262	29.2451721214375	14
"14"	53	14.2708495770609	14.90189706637	475.866666666667	427.586206896552	-0.27035237415452	-0.239909417174254	49.3523488077832	48.1593856406305	14
"15"	57	12.7186265232975	13.3787376462736	1113.53333333333	986.151724137931	-0.339827586965147	-0.230106730937344	31.6682975466789	32.9843682713709	14
"16"	61	12.7186265232975	13.3787376462736	1113.53333333333	986.151724137931	-0.283972365856745	-0.169860881814372	50.4840051753292	52.6815500008868	14
"17"	65	10.957137218638	11.5614008097887	1524.13333333333	1356.64137931034	-0.104113861190062	-0.0864278819606682	36.7633846970942	37.0235163934795	14
"18"	69	10.957137218638	11.5614008097887	1524.13333333333	1356.64137931034	-0.073735961632626	-0.0541877396155372	57.626164557775	57.9559552940225	14
"19"	73	15.4850960860215	15.5340036203189	480.6	452.351724137931	-0.340035228300331	-0.319584249272153	28.3510888510116	29.6286962733815	14
"20"	77	15.4850960860215	15.5340036203189	480.6	452.351724137931	-0.271573609921775	-0.250566933601453	46.1379669109493	48.2462050950546	14
"21"	81	13.9868220358423	14.0372966392288	1152.8	1052.13793103448	-0.223610217736109	-0.274784042283983	32.2017409310982	32.2721121226419	14
"22"	85	13.9868220358423	14.0372966392288	1152.8	1052.13793103448	-0.171220326128445	-0.210231881078186	50.7678683284543	51.3757889917132	14
"23"	89	12.1288271111111	12.2157820482017	1643.26666666667	1448.83103448276	-0.0588007612149306	-0.147716152920951	37.4467350125014	35.8442589939771	14
"24"	93	12.1288271111111	12.2157820482017	1643.26666666667	1448.83103448276	-0.0315095682890841	-0.103302318346714	58.5652816200245	56.3177773507987	14
"25"	97	17.7208462365591	17.3528902840193	463.566666666667	461.479310344828	-0.361362357940173	-0.357546342457845	27.7023040649931	28.3305413625354	14
"26"	101	17.7208462365591	17.3528902840193	463.566666666667	461.479310344828	-0.246350129377684	-0.271380495322274	46.3774489594404	46.7583236488102	14
"27"	105	16.3105472401434	15.9338961586948	1070.53333333333	1077.7	-0.277946438812207	-0.299992990652266	31.5225569779305	31.0593588046012	14
"28"	109	16.3105472401434	15.9338961586948	1070.53333333333	1077.7	-0.192132828003805	-0.216340468157764	50.6423479922692	50.2097795500854	14
"29"	113	14.5355902078853	14.1445669543938	1429.93333333333	1446.75862068966	-0.22733512983307	-0.214828527987563	33.2464718611666	33.3243579534964	14
"30"	117	14.5355902078853	14.1445669543938	1429.93333333333	1446.75862068966	-0.146874146789619	-0.15168041406309	53.0131030549742	53.2818038006611	14
"31"	2	11.3168695197133	12.1555866681498	419.5	395.203448275862	-0.26665264707202	-0.21708228961472	30.1598448071304	31.2649690402254	14
"32"	6	11.3168695197133	12.1555866681498	419.5	395.203448275862	-0.194390275984166	-0.157563066084895	49.5896834935155	50.9212409608252	14
"33"	10	9.7529636702509	10.6173997078235	947.4	901.644827586207	-0.0707497664327663	-0.124875659267152	35.8230918929825	35.1716571588887	14
"34"	14	9.7529636702509	10.6173997078235	947.4	901.644827586207	-0.0373745928737536	-0.0797586987436222	56.6367463244518	55.7928622284473	14
"35"	18	7.91018420071685	8.77827038338895	1298.16666666667	1224.7	-0.017954197839957	-0.04813617414951	39.8417069305996	38.5938402849237	14
"36"	22	7.91018420071685	8.77827038338895	1298.16666666667	1224.7	-0.0173153109933971	-0.0326529787876784	61.0132967701834	59.7451547286204	14
"37"	26	15.5190670537634	14.5244972295143	408.466666666667	426.379310344828	-0.393450466702451	-0.286237027373866	27.1576621159056	30.4175042584448	14
"38"	30	15.5190670537634	14.5244972295143	408.466666666667	426.379310344828	-0.293899401624244	-0.20753592280005	45.8042598937661	49.8677191765545	14
"39"	34	13.8993201433692	13.0195335899147	932.2	980.737931034483	-0.271135964685137	-0.247894911240733	31.9067054726779	33.1712949984534	14
"40"	38	13.8993201433692	13.0195335899147	932.2	980.737931034483	-0.187751231323867	-0.185535191401796	51.8676003845864	53.0185516682499	14
"41"	42	12.0649046308244	11.2140296106785	1238.5	1341.17931034483	-0.158243936076335	-0.143948133542961	35.2607841759504	36.2223111203556	14
"42"	46	12.0649046308244	11.2140296106785	1238.5	1341.17931034483	-0.120247112154872	-0.104391721068222	55.8802458243284	56.7431913636696	14
"43"	50	14.7177970035842	14.9445132117167	503.333333333333	430.737931034483	-0.120306694658517	-0.332948859364121	32.8976883205474	29.1221936924014	14
"44"	54	14.7177970035842	14.9445132117167	503.333333333333	430.737931034483	-0.0621757208771946	-0.269465966863771	53.4661922621631	47.6566124142265	14
"45"	58	13.2654085734767	13.4343335572859	1091.76666666667	1023.50689655172	-0.176584523425992	-0.230082376323774	33.7777407524087	32.9675550181565	14
"46"	62	13.2654085734767	13.4343335572859	1091.76666666667	1023.50689655172	-0.0963690938699455	-0.170708156025057	54.0617033817287	52.7481998186478	14
"47"	66	11.43943390681	11.6182040667408	1488.7	1414.11034482759	-0.112528657310637	-0.0631904928758472	36.4729479539605	37.8471122257424	14
"48"	70	11.43943390681	11.6182040667408	1488.7	1414.11034482759	-0.0578704500376895	-0.0398739282045191	57.2381876669494	58.9690485003152	14
"49"	74	15.3994095053763	15.3944088305525	448.4	455.555172413793	-0.458602951511197	-0.297773352921556	27.7902810086853	30.3682932511114	14
"50"	78	15.3994095053763	15.3944088305525	448.4	455.555172413793	-0.374350400018195	-0.222975409875837	46.0889715459039	49.3929420383562	14
"51"	82	13.9002877275986	13.8650412131999	1138.96666666667	1039.24137931034	-0.380032572119612	-0.25997289696852	31.0726394745602	32.9280336761845	14
"52"	86	13.9002877275986	13.8650412131999	1138.96666666667	1039.24137931034	-0.308011214184834	-0.201096954425179	49.9326749784027	52.2135352305566	14
"53"	90	12.0604446021505	12.0413846748239	1563.53333333333	1426.84137931034	-0.192060427086995	-0.147650988165066	35.0758962034058	35.9545067880328	14
"54"	94	12.0604446021505	12.0413846748239	1563.53333333333	1426.84137931034	-0.128805309070171	-0.0997576618665691	55.3806249750834	56.4884889238141	14
"55"	98	18.2085453189964	17.2783822306266	438	462.379310344828	-0.28855547054476	-0.377670540541911	28.1621991378326	28.3096722095636	14
"56"	102	18.2085453189964	17.2783822306266	438	462.379310344828	-0.217858624428512	-0.292451598510396	46.9668125065634	46.6246752242674	14
"57"	106	16.7114482007168	15.8679261802002	1012.43333333333	1076.68965517241	-0.194261791301763	-0.314504642735079	32.2239076720622	31.0991048128402	14
"58"	110	16.7114482007168	15.8679261802002	1012.43333333333	1076.68965517241	-0.123243188703784	-0.243121011521172	52.2126998550123	49.9825243596498	14
"59"	114	14.8382383225806	14.078383713756	1363.7	1443.12068965517	-0.138181693648429	-0.241043879678625	33.7797909903484	32.9796085975529	14
"60"	118	14.8382383225806	14.078383713756	1363.7	1443.12068965517	-0.0820395584513001	-0.176170339446006	54.6206269608992	52.6991226230704	14
"61"	3	11.697823483871	12.3481050723026	334.466666666667	350.427586206897	-0.286398932138861	-0.302194853905928	30.189366354346	29.1405949240293	14
"62"	7	11.697823483871	12.3481050723026	334.466666666667	350.427586206897	-0.221045239568426	-0.245812808129596	49.2829954978797	47.8347431278316	14
"63"	11	10.2470317132616	10.798300263997	754.733333333333	810.044827586207	-0.186478854120861	-0.215476624734657	34.0720825724427	33.1849140374963	14
"64"	15	10.2470317132616	10.798300263997	754.733333333333	810.044827586207	-0.128964086459421	-0.156573132469929	54.0163612599297	52.8798463415997	14
"65"	19	8.47644950537634	8.97177847830923	1068.8	1111.25172413793	-0.0604377818931029	-0.0740460692688188	37.8948614208678	37.702973579745	14
"66"	23	8.47644950537634	8.97177847830923	1068.8	1111.25172413793	-0.0321487076370917	-0.0489483529618185	59.1310837037178	58.715671107995	14
"67"	27	14.0713376917563	14.5892930174268	436.6	430.813793103448	-0.175857573570326	-0.295601854578127	32.2355400534457	30.1180418461151	14
"68"	31	14.0713376917563	14.5892930174268	436.6	430.813793103448	-0.111651924553815	-0.224029737338245	52.8255327919474	49.516588833797	14
"69"	35	12.540574437276	13.0526819755284	930.1	1011.61379310345	-0.171293919143382	-0.226006338603613	35.219566884246	33.8140179956009	14
"70"	39	12.540574437276	13.0526819755284	930.1	1011.61379310345	-0.125107708790727	-0.175874814867843	55.6928219453978	53.6808437549513	14
"71"	43	10.6925923727599	11.2171700185391	1308.4	1411.41724137931	-0.156488459173675	-0.0907395039923145	36.5242761065951	37.3600726423237	14
"72"	47	10.6925923727599	11.2171700185391	1308.4	1411.41724137931	-0.11240325417341	-0.057143780806272	57.0433403744825	58.3857786264931	14
"73"	51	15.4442437992832	15.1022953756025	434.066666666667	431.506896551724	-0.2572645318786	-0.319166538253414	30.164565255445	28.9958672567626	14
"74"	55	15.4442437992832	15.1022953756025	434.066666666667	431.506896551724	-0.16746568515073	-0.247888057626744	49.8386646343733	47.7521488776354	14
"75"	59	13.9808945519713	13.5755000622914	1005.46666666667	983.668965517241	-0.209676441817985	-0.251648303385304	33.0133863346772	32.1478820100306	14
"76"	63	13.9808945519713	13.5755000622914	1005.46666666667	983.668965517241	-0.138468546796603	-0.190694218354431	52.8423455303842	51.4220857465557	14
"77"	67	12.1534677706093	11.7522480637746	1389.63333333333	1356.83103448276	-0.060603031236148	-0.0825519154652826	36.9322394243283	36.8623191188378	14
"78"	71	12.1534677706093	11.7522480637746	1389.63333333333	1356.83103448276	-0.0312022435199907	-0.0552419441081063	58.0425282850647	57.785027804146	14
"79"	75	14.9657802007168	15.3381956737115	410.1	445.589655172414	-0.426261038969947	-0.297314195603312	27.9630567972129	30.1222074114089	14
"80"	79	14.9657802007168	15.3381956737115	410.1	445.589655172414	-0.363250055318675	-0.229861108838713	45.2191414383771	49.0977894259523	14
"81"	83	13.5828795842294	13.8384834260289	1036.16666666667	1050.20344827586	-0.269044950336022	-0.243255674876298	31.7370990137421	32.6263910253756	14
"82"	87	13.5828795842294	13.8384834260289	1036.16666666667	1050.20344827586	-0.208962078414702	-0.183336220425095	50.3746036853943	52.0163772154289	14
"83"	91	11.7858002580645	12.0109609981461	1431.63333333333	1440.36896551724	-0.0490546652587815	-0.103278712071593	38.30109508235	36.5663800344403	14
"84"	95	11.7858002580645	12.0109609981461	1431.63333333333	1440.36896551724	-0.0252325554641337	-0.0683594382089118	59.6382499003051	57.4719964848558	14
"85"	99	17.9234422365591	17.4345047415647	427.933333333333	453.003448275862	-0.466697543863041	-0.396503191317948	27.7677673348721	28.0798419243224	14
"86"	103	17.9234422365591	17.4345047415647	427.933333333333	453.003448275862	-0.410961432181501	-0.316744101149357	45.2302089310957	46.1705311385146	14
"87"	107	16.3898141935484	15.9797355951057	1031.56666666667	1071.01379310345	-0.432623202325033	-0.36302947254244	29.3591585525716	30.4333803389169	14
"88"	111	16.3898141935484	15.9797355951057	1031.56666666667	1071.01379310345	-0.352396297665035	-0.288090812348104	47.5297620163193	48.9982604780013	14
"89"	115	14.5982109390681	14.2062713192436	1377.93333333333	1434.8724137931	-0.296962112723507	-0.252431562496383	31.6932184482386	32.5991005386771	14
"90"	119	14.5982109390681	14.2062713192436	1377.93333333333	1434.8724137931	-0.241929967224245	-0.187429155406573	50.8270160836907	52.1959226510488	14
"91"	4	11.5849693763441	12.1950206703745	367.366666666667	380.168965517241	-0.209796158180222	-0.249778602534663	31.6378097642578	30.7456092654631	14
"92"	8	11.5849693763441	12.1950206703745	367.366666666667	380.168965517241	-0.191744582183744	-0.192693878411788	50.8195631018573	50.0309822523568	14
"93"	12	10.0574084157706	10.5893438027438	839.2	866.189655172414	-0.093156581877675	-0.179211418435311	35.9640268309785	34.1867146523285	14
"94"	16	10.0574084157706	10.5893438027438	839.2	866.189655172414	-0.0640535241798435	-0.128461360592799	56.9354950052783	54.3336157787724	14
"95"	20	8.11781498207885	8.71810953652206	1158.4	1183.11034482759	-0.0705969802352863	-0.0640051763075719	38.3297535712882	38.2703422606582	14
"96"	24	8.11781498207885	8.71810953652206	1158.4	1183.11034482759	-0.0405006730434596	-0.0399022314546741	59.460656130339	59.3502151262335	14
"97"	28	14.6260790394265	14.2149347927327	365.433333333333	428.206896551724	-0.357326416212669	-0.286496461343257	28.8354632504661	30.3810029632676	14
"98"	32	14.6260790394265	14.2149347927327	365.433333333333	428.206896551724	-0.301305726501318	-0.2230182722554	47.3026049188134	49.7129154880442	14
"99"	36	13.1506545089606	12.6549656329255	876	1002.46206896552	-0.324180491719494	-0.215045209392006	31.3855135975245	33.6385494950996	14
"100"	40	13.1506545089606	12.6549656329255	876	1002.46206896552	-0.254651105393725	-0.16369220825475	50.5358614178144	53.6383299725714	14
"101"	44	11.3965318422939	10.8209086985539	1227.76666666667	1368.34137931034	-0.163688628074281	-0.0855670330008884	35.8150210720218	37.4899830241448	14
"102"	48	11.3965318422939	10.8209086985539	1227.76666666667	1368.34137931034	-0.131336015683173	-0.0605730557403078	56.2898304015322	58.459517600993	14
"103"	52	15.0056383225806	14.6902317775306	410.766666666667	439.268965517241	-0.338447495492365	-0.294653205508848	28.37435576814	29.6238127565267	14
"104"	56	15.0056383225806	14.6902317775306	410.766666666667	439.268965517241	-0.258069179236816	-0.22380832296668	47.4631788506818	48.8223710492007	14
"105"	60	13.4200720286738	13.1055424679273	956.3	1015.12413793103	-0.276178929770673	-0.218719765020134	32.1417838849987	33.0971191544912	14
"106"	64	13.4200720286738	13.1055424679273	956.3	1015.12413793103	-0.216665793008209	-0.154411007830474	51.474860138432	52.8370540656983	14
"107"	68	11.621360516129	11.2629288839451	1329	1401.24137931034	-0.0966971396360892	-0.0688047799519	35.9570655694198	37.5831102940025	14
"108"	72	11.621360516129	11.2629288839451	1329	1401.24137931034	-0.0582305594330264	-0.0446394899588996	56.3288807475325	58.593877331221	14
"109"	76	14.7634673405018	15.3180070878754	477.233333333333	460.989655172414	-0.312768096243394	-0.288396294146618	28.9017972227286	29.9966648700691	14
"110"	80	14.7634673405018	15.3180070878754	477.233333333333	460.989655172414	-0.232915314537205	-0.220680962857241	47.4637945863333	48.9329999745564	14
"111"	84	13.3048804444444	13.826577684835	1136.26666666667	1055.07586206897	-0.246732831518128	-0.253815336034349	32.3206609687283	32.4205264927793	14
"112"	88	13.3048804444444	13.826577684835	1136.26666666667	1055.07586206897	-0.167576358263844	-0.183550422305467	51.7006051952932	51.7975661246395	14
"113"	92	11.4707099641577	12.0056077686318	1604.1	1464.14482758621	-0.130687097761454	-0.111020052858413	36.4060338410427	36.317232094331	14
"114"	96	11.4707099641577	12.0056077686318	1604.1	1464.14482758621	-0.0868313284645498	-0.0686939519843406	57.2516486380643	57.1254614218289	14
"115"	100	18.1201959856631	17.4088223863552	464.166666666667	454.679310344828	-0.416612976765664	-0.386271167597355	26.7550930063155	27.9360292081618	14
"116"	104	18.1201959856631	17.4088223863552	464.166666666667	454.679310344828	-0.305809943297518	-0.291082349434334	44.8322907533721	46.3245996862779	14
"117"	108	16.6846335770609	15.9852152421209	1128.13333333333	1092.8	-0.376596792960444	-0.348332869813229	29.8442929101381	30.6123863897036	14
"118"	112	16.6846335770609	15.9852152421209	1128.13333333333	1092.8	-0.267737162297088	-0.269642348257239	48.8209235818803	49.3979795555372	14
"119"	116	14.9095667956989	14.2060168350019	1508.76666666667	1470.05862068966	-0.266712526456013	-0.255079806405278	31.9767026526009	32.8034143172881	14
"120"	120	14.9095667956989	14.2060168350019	1508.76666666667	1470.05862068966	-0.187011837816502	-0.187907753271237	51.5324150230177	52.4244049170919	14
