"rid"	"temp.short"	"temp.long"	"prec.short"	"prec.long"	"potential.short"	"potential.long"	"content.short"	"content.long"	"replicate"
"1"	1	12.2005362724014	12.4710784249166	395.6	374.931034482759	-0.289849832706344	-0.268251250406449	29.6500161211832	29.9576850076738	10
"2"	5	12.2005362724014	12.4710784249166	395.6	374.931034482759	-0.218094737974981	-0.209392806103939	48.2480119282767	48.9909029120396	10
"3"	9	10.4929981218638	10.8710852398962	912.266666666667	870.127586206897	-0.160370753344667	-0.180812007774627	34.9006266843948	34.2197339910457	10
"4"	13	10.4929981218638	10.8710852398962	912.266666666667	870.127586206897	-0.118171500177161	-0.130219679549769	55.3503822718466	54.2233389808375	10
"5"	17	8.62818434408602	9.01782167741935	1252.46666666667	1195.87586206897	-0.0345528555655767	-0.0578093691526129	39.5012456999841	38.3631928488832	10
"6"	21	8.62818434408602	9.01782167741935	1252.46666666667	1195.87586206897	-0.0212177529800201	-0.0392353804607105	60.8005810802066	59.4945578127623	10
"7"	25	13.9942826236559	14.5335359139785	477.633333333333	433.824137931034	-0.323927139541663	-0.252823090857303	30.4740013100702	30.5349626078557	10
"8"	29	13.9942826236559	14.5335359139785	477.633333333333	433.824137931034	-0.265202450415716	-0.182645952096408	49.625919903399	50.1336859488004	10
"9"	33	12.4040335340502	12.9508885413422	1098.8	1007.2	-0.230949494201525	-0.184495842128475	33.4807519470199	34.0770349244415	10
"10"	37	12.4040335340502	12.9508885413422	1098.8	1007.2	-0.176918484790625	-0.132636564028944	53.470663359638	54.4421893162538	10
"11"	41	10.566903483871	11.1019369670004	1478.46666666667	1382.38275862069	-0.0827862498444595	-0.0812447052055484	37.85792748361	37.5578390082535	10
"12"	45	10.566903483871	11.1019369670004	1478.46666666667	1382.38275862069	-0.0506495858231582	-0.0541806878959999	58.9992354432583	58.5949033721632	10
"13"	49	13.5271893333333	14.8575100645161	536.566666666667	440.858620689655	-0.114185828791517	-0.293588293984563	33.0877630569014	30.0756980503021	10
"14"	53	13.5271893333333	14.8575100645161	536.566666666667	440.858620689655	-0.0609697309256421	-0.224094318417978	53.6032185594291	49.1275719728857	10
"15"	57	11.9872637275986	13.2829902410085	1213.16666666667	1009.26896551724	-0.155332064098277	-0.24309825408813	34.1783957067612	32.6436992486105	10
"16"	61	11.9872637275986	13.2829902410085	1213.16666666667	1009.26896551724	-0.087133388339018	-0.18128761317337	54.2625452785004	52.1943074573646	10
"17"	65	10.1637190107527	11.4402136418242	1652	1394.08275862069	-0.0207342998344278	-0.101978670661968	39.6283182792004	36.7213911723233	10
"18"	69	10.1637190107527	11.4402136418242	1652	1394.08275862069	-0.0179732499787026	-0.0703592570762447	60.987944067876	57.4465831588809	10
"19"	73	15.3719096630824	15.2586816358917	460.1	436.296551724138	-0.306556777067111	-0.324908124935138	29.0408218368099	29.8957890260369	10
"20"	77	15.3719096630824	15.2586816358917	460.1	436.296551724138	-0.222343172032982	-0.25784081725701	48.4878095845776	48.7590693019371	10
"21"	81	13.8015858207885	13.7588612443456	1132.93333333333	1030.14482758621	-0.247636828651221	-0.249717994647634	32.3961708768374	32.6080706897287	10
"22"	85	13.8015858207885	13.7588612443456	1132.93333333333	1030.14482758621	-0.156374044770565	-0.192090187910755	52.2508789323312	51.9300533084702	10
"23"	89	11.9389490035842	11.9309226355209	1589.33333333333	1429.67931034483	-0.0501501742409728	-0.111967554392915	37.1687474874922	36.3304258910099	10
"24"	93	11.9389490035842	11.9309226355209	1589.33333333333	1429.67931034483	-0.0272642085520282	-0.0750924273623789	58.5141072589332	57.1060645008164	10
"25"	97	17.7052712688172	17.0580139162032	426.466666666667	472.086206896552	-0.276733377807521	-0.315836370476611	29.3924711560748	28.9989880124856	10
"26"	101	17.7052712688172	17.0580139162032	426.466666666667	472.086206896552	-0.156812888597426	-0.230564648070541	48.9410089846719	48.0211664235292	10
"27"	105	16.1967651756272	15.6345877582499	1034.6	1100.55862068966	-0.178149618979935	-0.289628658951199	33.819499778015	31.3549713576794	10
"28"	109	16.1967651756272	15.6345877582499	1034.6	1100.55862068966	-0.117875429808773	-0.218416598808986	53.9448334431553	50.4969063230716	10
"29"	113	14.405556702509	13.8516380897293	1404.43333333333	1487.85517241379	-0.147765473634951	-0.198468730027768	35.0505038836816	33.6183468697367	10
"30"	117	14.405556702509	13.8516380897293	1404.43333333333	1487.85517241379	-0.0989090543969265	-0.136406586253015	55.605802735538	53.6537437150162	10
"31"	2	11.6658657491039	12.1610029840564	387.033333333333	377.603448275862	-0.194326070962491	-0.239265855861106	31.1035817913889	30.4025036282994	10
"32"	6	11.6658657491039	12.1610029840564	387.033333333333	377.603448275862	-0.166597393664226	-0.184564578603647	50.7903876164778	49.5897667188516	10
"33"	10	10.0733992688172	10.5862835965888	890.1	863.968965517241	-0.140215509673568	-0.152500442367585	34.7757903242224	34.6890743148833	10
"34"	14	10.0733992688172	10.5862835965888	890.1	863.968965517241	-0.0939583186358793	-0.108105825007714	55.2448673717289	54.8652218346023	10
"35"	18	8.22256910394265	8.72560743047831	1227.83333333333	1187.35517241379	-0.0198927572538311	-0.0482518606332717	39.3310125261052	38.4754061578534	10
"36"	22	8.22256910394265	8.72560743047831	1227.83333333333	1187.35517241379	-0.0180467156167721	-0.0334552365235392	60.6795193966512	59.6487918020644	10
"37"	26	14.8607048028674	14.4264163292547	357.9	439.675862068966	-0.315881562236384	-0.22516760240728	28.1755549178335	30.9290147896833	10
"38"	30	14.8607048028674	14.4264163292547	357.9	439.675862068966	-0.253003090950624	-0.158951183460778	46.5604261223755	50.6315158286617	10
"39"	34	13.2871401003584	12.8487050233593	855.9	999.434482758621	-0.225453537822097	-0.166050568248361	32.7053523998783	34.3894835312763	10
"40"	38	13.2871401003584	12.8487050233593	855.9	999.434482758621	-0.175994070022161	-0.114577598485964	52.8001654985928	54.8965221115246	10
"41"	42	11.4395818494624	11.0025489506859	1177.36666666667	1356.50344827586	-0.127902552536956	-0.074753999316647	36.6419516974296	37.6837756887756	10
"42"	46	11.4395818494624	11.0025489506859	1177.36666666667	1356.50344827586	-0.100462754997893	-0.0519831923269531	57.3938609159676	58.7580767456057	10
"43"	50	15.3334147096774	14.8763414401187	454.933333333333	433.193103448276	-0.345573764255802	-0.293755938310115	29.0779590651958	29.7767583114448	10
"44"	54	15.3334147096774	14.8763414401187	454.933333333333	433.193103448276	-0.267454982588551	-0.221815750301992	47.5014286832601	48.8696711127119	10
"45"	58	13.7475181935484	13.3386395001854	1055.5	990.362068965517	-0.249218662272257	-0.239737233862435	32.6702295829968	32.5847618482214	10
"46"	62	13.7475181935484	13.3386395001854	1055.5	990.362068965517	-0.18048141051767	-0.175747524807081	52.2101008988326	52.215244483879	10
"47"	66	11.920893921147	11.500396286244	1489.03333333333	1363.89655172414	-0.0995043447676777	-0.090808991196039	36.6862285766061	36.7335856823399	10
"48"	70	11.920893921147	11.500396286244	1489.03333333333	1363.89655172414	-0.0469816820966587	-0.0584240503821242	57.7336078136147	57.6327397630227	10
"49"	74	16.1335682867384	15.4370244612532	392.6	438.5	-0.395388138787898	-0.328176629877553	29.3793191209175	29.3350565871875	10
"50"	78	16.1335682867384	15.4370244612532	392.6	438.5	-0.325002099095282	-0.256493288932336	48.2658687676476	48.1644467486131	10
"51"	82	14.646249734767	13.9428838368558	978.1	1028.48275862069	-0.341217436155151	-0.25671345260227	31.9193022669385	32.3917036818305	10
"52"	86	14.646249734767	13.9428838368558	978.1	1028.48275862069	-0.293539502561932	-0.198157007632205	50.9814226664829	51.6246185905235	10
"53"	90	12.8656494336918	12.1274360385614	1329.83333333333	1422.78275862069	-0.20231057310889	-0.125185815844417	34.6189400495919	36.0688422004181	10
"54"	94	12.8656494336918	12.1274360385614	1329.83333333333	1422.78275862069	-0.155725629124202	-0.08270385140035	54.6683225577034	56.7128850116993	10
"55"	98	16.5880583512545	17.0728826236559	449.133333333333	464.848275862069	-0.360341536795073	-0.300814369592606	29.1127022135051	29.4080961867128	10
"56"	102	16.5880583512545	17.0728826236559	449.133333333333	464.848275862069	-0.284559641252295	-0.227936116712503	47.4455372711949	48.4600072585361	10
"57"	106	15.3012140071685	15.6583017382277	985.7	1079.63448275862	-0.298194229405081	-0.290231091451224	31.2263680229663	31.332704207137	10
"58"	110	15.3012140071685	15.6583017382277	985.7	1079.63448275862	-0.212824071660708	-0.20920478808568	50.3796080113749	50.7023658024699	10
"59"	114	13.5703401146953	13.8754517893956	1323.83333333333	1442.86551724138	-0.216755827720915	-0.202597563607922	33.3308177670944	33.5549311884129	10
"60"	118	13.5703401146953	13.8754517893956	1323.83333333333	1442.86551724138	-0.145392550977351	-0.138755351656684	53.4701399983203	53.554930752057	10
"61"	3	11.9631375053763	11.7311944427141	362.233333333333	396.441379310345	-0.255945272190642	-0.194427985461447	30.7972525574521	31.7529151965532	10
"62"	7	11.9631375053763	11.7311944427141	362.233333333333	396.441379310345	-0.210435792473062	-0.148813451077909	50.3081874934774	51.4272088214067	10
"63"	11	10.3731394265233	10.1403426992955	827.766666666667	879.786206896552	-0.249120262847457	-0.131936428433741	33.4273319804791	35.2388029244817	10
"64"	15	10.3731394265233	10.1403426992955	827.766666666667	879.786206896552	-0.208865908485945	-0.0920790665322632	52.9786823091915	55.6853374345862	10
"65"	19	8.53092749820789	8.28314435150167	1125.53333333333	1209.74482758621	-0.0671065907503832	-0.0391602047021971	38.3844775212665	39.0793477040003	10
"66"	23	8.53092749820789	8.28314435150167	1125.53333333333	1209.74482758621	-0.0438688025774376	-0.0293723966627983	59.3997364060655	60.2446629032066	10
"67"	27	14.1223815770609	14.1245616536893	444.4	428.31724137931	-0.293284813747473	-0.220496425272135	30.6862968695069	31.0080127495099	10
"68"	31	14.1223815770609	14.1245616536893	444.4	428.31724137931	-0.222723492190145	-0.150786296347835	50.1716480071674	50.8489773655134	10
"69"	35	12.5124702222222	12.5128028045977	1058.96666666667	988.027586206897	-0.212667866992823	-0.155844099493732	34.5973509771474	34.6352938370891	10
"70"	39	12.5124702222222	12.5128028045977	1058.96666666667	988.027586206897	-0.16443412583372	-0.10424158563906	54.7401967182484	55.2119999512064	10
"71"	43	10.6587742939068	10.6718630433815	1464.23333333333	1342.74482758621	-0.0514743329341154	-0.0587708859649152	38.5641302622878	38.1721776270382	10
"72"	47	10.6587742939068	10.6718630433815	1464.23333333333	1342.74482758621	-0.0281722964509465	-0.0427812679891574	59.8413879188585	59.353173889079	10
"73"	51	14.5725181075269	14.9357019147201	457.866666666667	433.741379310345	-0.21840637391611	-0.297865163259188	29.544397258057	29.433125411666	10
"74"	55	14.5725181075269	14.9357019147201	457.866666666667	433.741379310345	-0.135286409546083	-0.220611378681571	49.851493009578	48.7454143652466	10
"75"	59	13.059862781362	13.4216475016685	1007.9	975.820689655172	-0.215944018491663	-0.264834154235628	32.8514584465321	32.5272907520534	10
"76"	63	13.059862781362	13.4216475016685	1007.9	975.820689655172	-0.148554351907096	-0.205414669384124	52.6322840597471	51.7888639445007	10
"77"	67	11.2847070967742	11.6093025643307	1386.2	1342.73448275862	-0.0333188269692013	-0.0940800168470959	38.450954995291	36.7786413945812	10
"78"	71	11.2847070967742	11.6093025643307	1386.2	1342.73448275862	-0.0220725692330509	-0.0565864580104272	59.8082800439206	57.6480138281621	10
"79"	75	14.8499658207885	15.1471554097145	435.333333333333	437.948275862069	-0.370357814152846	-0.337436604757902	28.1040695841572	28.9204013591647	10
"80"	79	14.8499658207885	15.1471554097145	435.333333333333	437.948275862069	-0.288570175284629	-0.266480696260465	46.4969206330634	47.6416376423049	10
"81"	83	13.3656166308244	13.675598407119	1077.73333333333	1034.06896551724	-0.322170230959356	-0.249485530283737	30.8001900285889	32.5092228784441	10
"82"	87	13.3656166308244	13.675598407119	1077.73333333333	1034.06896551724	-0.248650097891431	-0.193203789971054	49.7356206355843	51.8324111394675	10
"83"	91	11.5285066810036	11.8750074927697	1496.53333333333	1425.03793103448	-0.0747150939630454	-0.105191150973678	36.529211777874	36.4776553027624	10
"84"	95	11.5285066810036	11.8750074927697	1496.53333333333	1425.03793103448	-0.0347164736483716	-0.0661530091285661	57.8116261261281	57.2781613134015	10
"85"	99	18.25383790681	17.5512970263255	481.1	454.362068965517	-0.387067953051216	-0.357836160571529	28.3452675427824	28.4918365297027	10
"86"	103	18.25383790681	17.5512970263255	481.1	454.362068965517	-0.293147982863851	-0.276430734115179	46.7885393130252	47.1287651646261	10
"87"	107	16.7208129892473	16.110715335558	1169.63333333333	1091.48275862069	-0.413323126772021	-0.352131866366951	30.2824056768093	30.6300965527184	10
"88"	111	16.7208129892473	16.110715335558	1169.63333333333	1091.48275862069	-0.331304245426851	-0.26976157954802	48.5487698138382	49.4420454164327	10
"89"	115	14.9141585806452	14.3051836633296	1551.63333333333	1455.05172413793	-0.328068611067467	-0.254104714459819	31.462091138213	32.8316898014975	10
"90"	119	14.9141585806452	14.3051836633296	1551.63333333333	1455.05172413793	-0.268497922523315	-0.197798200996942	50.1575343526307	52.3209122236536	10
"91"	4	11.6083504659498	11.9478170841676	332.333333333333	386.724137931034	-0.427049374616195	-0.297688878353104	27.3040683029398	29.620459607067	10
"92"	8	11.6083504659498	11.9478170841676	332.333333333333	386.724137931034	-0.362803890045671	-0.229729785446451	45.194000090795	48.4373527035338	10
"93"	12	10.1362757132616	10.3876093007045	807.633333333333	891.213793103448	-0.242375274323688	-0.177616312067516	32.8946921371321	34.3934635775285	10
"94"	16	10.1362757132616	10.3876093007045	807.633333333333	891.213793103448	-0.165339001222883	-0.129723019675308	52.9075931751784	54.5327594595673	10
"95"	20	8.22868897491039	8.52822296032629	1119.16666666667	1217.85172413793	-0.0922512315207256	-0.0680555243897526	37.202046106064	38.1100610910029	10
"96"	24	8.22868897491039	8.52822296032629	1119.16666666667	1217.85172413793	-0.0534279127267433	-0.045576585642104	58.1767301381657	59.045619007601	10
"97"	28	15.7350545949821	14.3619949291806	457.266666666667	448.337931034483	-0.360981391979826	-0.277780378289693	28.1544871384984	30.4405465172194	10
"98"	32	15.7350545949821	14.3619949291806	457.266666666667	448.337931034483	-0.284897704752367	-0.206102075172186	46.6152345601014	49.926951316111	10
"99"	36	14.1633771899642	12.8166799985169	1139.46666666667	1071.15862068966	-0.195958542970981	-0.199736350766516	33.3110405804418	33.835566797634	10
"100"	40	14.1633771899642	12.8166799985169	1139.46666666667	1071.15862068966	-0.150781378973315	-0.146796700995445	53.0569400334241	53.8335259954794	10
"101"	44	12.3321457204301	10.9731136685206	1646.46666666667	1475.9	-0.0245288834900846	-0.0662658724926763	38.8590429233219	37.9409215366528	10
"102"	48	12.3321457204301	10.9731136685206	1646.46666666667	1475.9	-0.0196948724913812	-0.0447267078026955	60.2186687119975	59.0440341473935	10
"103"	52	14.0915337634409	14.5898823003337	422.7	437.3	-0.179452712594464	-0.276943014300951	31.9008350722384	30.345375578421	10
"104"	56	14.0915337634409	14.5898823003337	422.7	437.3	-0.113513794565038	-0.212771968986514	52.2251573379667	49.6684736286952	10
"105"	60	12.418411311828	13.0050293956248	916.9	988.048275862069	-0.111743819364079	-0.223066581761481	35.1576505759699	32.9559718034121	10
"106"	64	12.418411311828	13.0050293956248	916.9	988.048275862069	-0.0630675787715624	-0.166097341379501	55.8813886915622	52.6957810637881	10
"107"	68	10.5166702365591	11.1429067942158	1252.86666666667	1354.51379310345	-0.0264507626639274	-0.0813854832964457	38.5115026646559	37.2917113429552	10
"108"	72	10.5166702365591	11.1429067942158	1252.86666666667	1354.51379310345	-0.0206084841737586	-0.0544003728973254	59.8711093888201	58.2602461975702	10
"109"	76	15.8898154121864	15.2947937589915	386.733333333333	444.11724137931	-0.434554381388843	-0.293321626969573	28.1657556530368	30.0930354192328	10
"110"	80	15.8898154121864	15.2947937589915	386.733333333333	444.11724137931	-0.343151452702377	-0.225160160602046	46.7327231833286	49.315058435942	10
"111"	84	14.3821809892473	13.7729490530219	908.033333333333	1003.93103448276	-0.374057266932864	-0.247705182370258	30.8286056169684	32.6827618784994	10
"112"	88	14.3821809892473	13.7729490530219	908.033333333333	1003.93103448276	-0.301533381702488	-0.182632195208612	49.5249674997654	52.3248614348315	10
"113"	92	12.5589139928315	11.9521488869114	1241.13333333333	1370.94137931034	-0.238353309798076	-0.122881501995724	33.9842530405609	36.1674689320745	10
"114"	96	12.5589139928315	11.9521488869114	1241.13333333333	1370.94137931034	-0.168310999698125	-0.0818056398204175	53.8575700502738	56.8110175764299	10
"115"	100	16.4551145949821	16.9635996054876	487.033333333333	442.465517241379	-0.282867176954664	-0.347565153268209	29.9839495186738	28.3667883352688	10
"116"	104	16.4551145949821	16.9635996054876	487.033333333333	442.465517241379	-0.209504371248182	-0.262338133481907	48.7028733905784	46.9944408740926	10
"117"	108	14.9509322867384	15.5015147793845	1151.8	1024.95172413793	-0.231338866222128	-0.291114520251124	32.6911325453016	31.4301832304529	10
"118"	112	14.9509322867384	15.5015147793845	1151.8	1024.95172413793	-0.159635879433411	-0.217582028626522	52.4214318170925	50.7249163092223	10
"119"	116	13.141849218638	13.6992706429366	1544.63333333333	1369.22068965517	-0.14953243531003	-0.210242872489007	34.8462985688855	33.6640732088982	10
"120"	120	13.141849218638	13.6992706429366	1544.63333333333	1369.22068965517	-0.0962683557043949	-0.153261195152159	55.3481956849574	53.6111822285512	10
