"rid"	"temp.short"	"temp.long"	"prec.short"	"prec.long"	"potential.short"	"potential.long"	"content.short"	"content.long"	"replicate"
"1"	1	11.9885529318996	11.892153776789	439.866666666667	394.286206896552	-0.298931924690889	-0.2081967296152	29.5525096340356	31.2489042005015	3
"2"	5	11.9885529318996	11.892153776789	439.866666666667	394.286206896552	-0.240573982529854	-0.158788429252002	48.096464474962	50.667272798892	3
"3"	9	10.3126530322581	10.3123792910641	1013.46666666667	904.789655172414	-0.192160967370803	-0.136415966663512	33.1434238341938	35.2223850778026	3
"4"	13	10.3126530322581	10.3123792910641	1013.46666666667	904.789655172414	-0.137423211575537	-0.0967560750743625	52.6997707716883	55.5681131348608	3
"5"	17	8.48748772759857	8.4588639896181	1434.53333333333	1258.04137931034	-0.0183938078891918	-0.0442508045501827	39.6167933689333	39.0215044854628	3
"6"	21	8.48748772759857	8.4588639896181	1434.53333333333	1258.04137931034	-0.0172171037632946	-0.032640311589684	60.9764191576089	60.1936920867435	3
"7"	25	15.3396391111111	14.0788278605858	393.333333333333	422.462068965517	-0.365566827592629	-0.258552223129163	28.5904682044794	30.7226590539076	3
"8"	29	15.3396391111111	14.0788278605858	393.333333333333	422.462068965517	-0.275632534627806	-0.195788613509563	47.6993495943534	50.0077483147925	3
"9"	33	13.6741395555556	12.5267828209121	919.833333333333	954.851724137931	-0.253900430607477	-0.197235437441865	32.6772599833526	33.6812170407376	3
"10"	37	13.6741395555556	12.5267828209121	919.833333333333	954.851724137931	-0.183831754718816	-0.142614375115857	52.5998016181321	53.8292626200338	3
"11"	41	11.8065276272401	10.700774257323	1270.96666666667	1305.47931034483	-0.160836840907886	-0.0855947439591618	35.2662828745967	37.4131636881928	3
"12"	45	11.8065276272401	10.700774257323	1270.96666666667	1305.47931034483	-0.124780012486258	-0.0629174724827584	55.8375982758127	58.3507804618423	3
"13"	49	15.0241432258065	14.697651163515	469.733333333333	434.2	-0.188777311254731	-0.284644064253879	31.8209854574615	29.5861277875368	3
"14"	53	15.0241432258065	14.697651163515	469.733333333333	434.2	-0.108398930417191	-0.21217894819744	51.9934692029371	48.6261302861326	3
"15"	57	13.4754561863799	13.1870444167594	1014.96666666667	1000.5724137931	-0.197497244992994	-0.221672359228153	33.8610961528199	32.9372847333953	3
"16"	61	13.4754561863799	13.1870444167594	1014.96666666667	1000.5724137931	-0.127286851374253	-0.159265953764112	53.845919302307	52.5437672989211	3
"17"	65	11.6566950824373	11.373776584353	1384.86666666667	1372.14137931034	-0.153271605806115	-0.0715781514445302	36.1337126260107	37.5702341367793	3
"18"	69	11.6566950824373	11.373776584353	1384.86666666667	1372.14137931034	-0.0862958429197752	-0.0454084665046251	56.5896552643026	58.5553727624692	3
"19"	73	15.438053921147	15.4720620704486	388.3	428.224137931034	-0.491570991459375	-0.344176399510175	27.0067267966068	28.9430428188589	3
"20"	77	15.438053921147	15.4720620704486	388.3	428.224137931034	-0.424297147549301	-0.268329498130984	43.9164124419046	47.64118457573	3
"21"	81	13.9848753835125	13.9682303121987	990.8	1029.30344827586	-0.348378472975593	-0.273571961100502	31.181990514757	32.2349582982915	3
"22"	85	13.9848753835125	13.9682303121987	990.8	1029.30344827586	-0.27729813092404	-0.202397850986035	49.6992293916377	51.5613119717044	3
"23"	89	12.187974078853	12.1611784708936	1372.86666666667	1423.94482758621	-0.146852314106954	-0.124300417226528	35.9067038791931	36.2122531167483	3
"24"	93	12.187974078853	12.1611784708936	1372.86666666667	1423.94482758621	-0.0930893636496147	-0.0836728332654095	56.6118555780751	56.9101691294111	3
"25"	97	17.557996344086	17.311475713756	434.1	451.1	-0.324809088251024	-0.315585492188327	26.7273454386075	29.0310363225286	3
"26"	101	17.557996344086	17.311475713756	434.1	451.1	-0.228368989810334	-0.226590857598297	45.2488194001645	48.0272035344225	3
"27"	105	16.1184190681004	15.8750604375232	1013.73333333333	1066.92413793103	-0.230473945872157	-0.273673176134383	30.782186027977	31.6037480179212	3
"28"	109	16.1184190681004	15.8750604375232	1013.73333333333	1066.92413793103	-0.14468193717829	-0.19466380559367	50.1934467164563	51.0819756217181	3
"29"	113	14.2958915555556	14.0915164034112	1415.7	1437.39655172414	-0.112044147800667	-0.18040891831419	35.3921014785407	34.1504520040873	3
"30"	117	14.2958915555556	14.0915164034112	1415.7	1437.39655172414	-0.0741601358581708	-0.125684283487163	56.2653914123047	54.406543607381	3
"31"	2	11.5681576200717	11.959060172043	379.3	385.655172413793	-0.279039077769201	-0.222497160674458	30.5110915674768	30.9763452950623	3
"32"	6	11.5681576200717	11.959060172043	379.3	385.655172413793	-0.220290487509105	-0.173607173225835	49.031453710516	50.2892050856018	3
"33"	10	10.0596181648746	10.3742575068595	850.066666666667	894.496551724138	-0.153418732631575	-0.129935731754743	34.3698324662029	35.4959285239811	3
"34"	14	10.0596181648746	10.3742575068595	850.066666666667	894.496551724138	-0.0917599189574332	-0.0874995534639897	55.0465828458424	55.9147734085819	3
"35"	18	8.20925859498208	8.51346932740082	1201.06666666667	1242.00344827586	-0.0630057009804022	-0.0379735246824973	37.6319705042777	39.2137551949547	3
"36"	22	8.20925859498208	8.51346932740082	1201.06666666667	1242.00344827586	-0.0294635695662027	-0.026410936400276	58.9205161829213	60.4484919523964	3
"37"	26	14.19350209319	14.1985996321839	390.1	409.38275862069	-0.298309220036319	-0.267653573678226	29.4103505273744	30.084215332131	3
"38"	30	14.19350209319	14.1985996321839	390.1	409.38275862069	-0.243810469773109	-0.200990274028524	48.2834757139722	49.0866934742851	3
"39"	34	12.5902235555556	12.6726096062291	909.033333333333	923.786206896552	-0.22135669978636	-0.214993197101964	33.1085675114316	33.2674064148147	3
"40"	38	12.5902235555556	12.6726096062291	909.033333333333	923.786206896552	-0.171016982459362	-0.159490731634999	52.9267210722026	53.3145948575161	3
"41"	42	10.7890689175627	10.8553470730441	1249.7	1266.81034482759	-0.0647230578613527	-0.116979056125763	37.4682792342172	36.8317044711919	3
"42"	46	10.7890689175627	10.8553470730441	1249.7	1266.81034482759	-0.0377534082807967	-0.0880964642306449	58.4687086597087	57.5554525543265	3
"43"	50	15.0208196845878	14.7195633889507	430.166666666667	431.165517241379	-0.231784450099422	-0.2982242837833	31.0839899436209	29.7326968096104	3
"44"	54	15.0208196845878	14.7195633889507	430.166666666667	431.165517241379	-0.156431276987784	-0.229457758997686	50.5615059692927	48.686352320273	3
"45"	58	13.3910858924731	13.1870114304783	934.566666666667	1008.94482758621	-0.169598159592754	-0.224126306653063	33.2017427470495	32.9127128940179	3
"46"	62	13.3910858924731	13.1870114304783	934.566666666667	1008.94482758621	-0.104925881400769	-0.16155024103957	53.0030881586049	52.6445459367966	3
"47"	66	11.4647538781362	11.3703805873192	1285.03333333333	1392.51034482759	-0.0794660095024686	-0.0665053395152653	36.9433190274493	37.6630399959109	3
"48"	70	11.4647538781362	11.3703805873192	1285.03333333333	1392.51034482759	-0.0413154883529996	-0.0430361541000007	57.6488286351144	58.6750350947856	3
"49"	74	14.9704456200717	15.3862606837227	417.766666666667	412.834482758621	-0.496960680295838	-0.390889372800302	27.4937814657063	28.3653920453693	3
"50"	78	14.9704456200717	15.3862606837227	417.766666666667	412.834482758621	-0.407283193302924	-0.311639064415682	45.3206580030792	46.5839215299771	3
"51"	82	13.5446425089606	13.8856740615499	1073.3	1026.29655172414	-0.297380518804974	-0.29742572163262	31.5013051131859	31.8647430434715	3
"52"	86	13.5446425089606	13.8856740615499	1073.3	1026.29655172414	-0.231433507357398	-0.228897424796614	50.5887105986621	50.947123280256	3
"53"	90	11.7081962293907	12.0772681987393	1511.76666666667	1429.15172413793	-0.110638956390138	-0.124491019082265	37.3666667787262	36.4048947314784	3
"54"	94	11.7081962293907	12.0772681987393	1511.76666666667	1429.15172413793	-0.0824547111509339	-0.08495294982884	58.1362373845127	57.1218819241722	3
"55"	98	17.7297749390681	17.2930139992584	390.933333333333	443.21724137931	-0.404915538983947	-0.350965966214109	26.1097205633724	28.3388595453591	3
"56"	102	17.7297749390681	17.2930139992584	390.933333333333	443.21724137931	-0.289110937966544	-0.268865494590771	43.7425777144515	46.9136456545212	3
"57"	106	16.1657175197133	15.8669988505747	1023.16666666667	1034.87931034483	-0.259390062697907	-0.303910441879254	31.1372542875183	30.9369020662614	3
"58"	110	16.1657175197133	15.8669988505747	1023.16666666667	1034.87931034483	-0.168120788747919	-0.223928030188514	50.7795663195056	50.170924097308	3
"59"	114	14.3605561433692	14.0976675268817	1398.63333333333	1394.72413793103	-0.118548727462279	-0.196558994167218	35.5390177665827	33.6117929479003	3
"60"	118	14.3605561433692	14.0976675268817	1398.63333333333	1394.72413793103	-0.0727203785413043	-0.138942030416014	56.4121797111508	53.6676596556436	3
"61"	3	11.7921974336918	11.3915502588061	375.633333333333	403.186206896552	-0.138100938107277	-0.184973716818907	31.8514719170808	31.5887505900033	3
"62"	7	11.7921974336918	11.3915502588061	375.633333333333	403.186206896552	-0.0728793099233483	-0.12283140160088	52.5401843736652	51.3590443320118	3
"63"	11	10.1338396702509	9.85710496996663	860.533333333333	907.31724137931	-0.0986447582459839	-0.104028118238274	36.304943317666	35.6482327777827	3
"64"	15	10.1338396702509	9.85710496996663	860.533333333333	907.31724137931	-0.0585879545035636	-0.0592802076340217	57.3289876034433	56.5396590552922	3
"65"	19	8.24443610035842	8.01377784056359	1180.93333333333	1255.34137931034	-0.0682742046589718	-0.0360167708847023	38.6540611177168	39.2529734554539	3
"66"	23	8.24443610035842	8.01377784056359	1180.93333333333	1255.34137931034	-0.0453562205218996	-0.0263146364439414	59.7432205807934	60.4585163872493	3
"67"	27	14.4703218781362	14.2866577219132	442.066666666667	449.044827586207	-0.189667856258428	-0.230936073923698	31.0915742953953	31.0938935167087	3
"68"	31	14.4703218781362	14.2866577219132	442.066666666667	449.044827586207	-0.124390974907466	-0.163607915802638	50.4305600550151	50.8774110313557	3
"69"	35	12.8926025519713	12.7545597864294	953.5	983	-0.12261703810465	-0.170882779164441	34.505008839759	34.1485354442991	3
"70"	39	12.8926025519713	12.7545597864294	953.5	983	-0.0636321504480196	-0.110225432926764	55.4530361914815	54.5813210636661	3
"71"	43	11.0332751827957	10.9244419162032	1337.23333333333	1351.41724137931	-0.0509192804884568	-0.0730662464539342	37.5166709484643	37.4062516931595	3
"72"	47	11.0332751827957	10.9244419162032	1337.23333333333	1351.41724137931	-0.0271346881121257	-0.0504508457348717	58.8466398604536	58.4865404164625	3
"73"	51	14.8946924014337	14.8129743463107	410.6	435.193103448276	-0.309429522404022	-0.251671944734714	29.752823222306	30.2695684533717	3
"74"	55	14.8946924014337	14.8129743463107	410.6	435.193103448276	-0.244304856064551	-0.183589216351794	48.8555933385163	49.4992085049967	3
"75"	59	13.2668517562724	13.3079435372636	1052.93333333333	1004.14482758621	-0.2228778261999	-0.225719636207146	33.7241551268455	33.1279283926303	3
"76"	63	13.2668517562724	13.3079435372636	1052.93333333333	1004.14482758621	-0.15516864026855	-0.167022757794076	53.8657451612802	52.5673504630854	3
"77"	67	11.4116530896057	11.4731495943641	1486.66666666667	1375.00689655172	-0.144926840363209	-0.0832636892457554	36.8485162953396	37.4306882117483	3
"78"	71	11.4116530896057	11.4731495943641	1486.66666666667	1375.00689655172	-0.112941494859087	-0.0492882617412002	57.4424423572176	58.3430900332967	3
"79"	75	15.1941226523297	14.9961137812384	416.266666666667	468.668965517241	-0.382027661527978	-0.281136564045115	29.4118213788378	30.7133922969741	3
"80"	79	15.1941226523297	14.9961137812384	416.266666666667	468.668965517241	-0.309605806390894	-0.216027727165895	48.077316955405	50.167721862366	3
"81"	83	13.786131469534	13.4814771494253	1008.03333333333	1082.82068965517	-0.358512738046056	-0.240964842434925	31.3343312598382	33.2111226948582	3
"82"	87	13.786131469534	13.4814771494253	1008.03333333333	1082.82068965517	-0.300936221048196	-0.175728778757653	49.4810496224713	52.796372365393	3
"83"	91	11.991484172043	11.6566186459029	1423.1	1477.65862068966	-0.202794005785422	-0.120062867145648	34.3231273464354	36.4282815204381	3
"84"	95	11.991484172043	11.6566186459029	1423.1	1477.65862068966	-0.147836072386092	-0.0792568575203611	54.2072209024833	57.1429281956346	3
"85"	99	17.5990392258065	17.4447925888024	495.266666666667	452.075862068966	-0.341508220600732	-0.318855778538577	29.2085771188378	28.8850500246079	3
"86"	103	17.5990392258065	17.4447925888024	495.266666666667	452.075862068966	-0.244725098620839	-0.224131198603492	48.7188712269023	47.9681129397908	3
"87"	107	16.3404428673835	15.9943275476455	1185.6	1073.3275862069	-0.396918013587679	-0.263441183438543	29.6674641144577	31.8435770324025	3
"88"	111	16.3404428673835	15.9943275476455	1185.6	1073.3275862069	-0.309444724076954	-0.190871443711402	48.3159164386469	51.4812255002363	3
"89"	115	14.6002658494624	14.1899887741935	1624.86666666667	1442.77586206897	-0.288600090252359	-0.204132309407239	31.1279924154719	33.3264881648417	3
"90"	119	14.6002658494624	14.1899887741935	1624.86666666667	1442.77586206897	-0.212226980957295	-0.143313656244704	50.4202406194836	53.4381376685451	3
"91"	4	11.3061808602151	12.1913843589173	434.7	380.937931034483	-0.142473045287407	-0.286658281004292	31.4816502170933	29.7370464056841	3
"92"	8	11.3061808602151	12.1913843589173	434.7	380.937931034483	-0.0668692269116554	-0.234827713281861	51.7925211410315	48.1782333966584	3
"93"	12	9.66683274551971	10.6114761201335	950.833333333333	873.448275862069	-0.0604263145945965	-0.1562191058299	36.2423217567454	34.4981040794014	3
"94"	16	9.66683274551971	10.6114761201335	950.833333333333	873.448275862069	-0.0315790168586867	-0.110632626774212	57.5378739270022	54.5484439088966	3
"95"	20	7.81916719713262	8.75878833667037	1291.26666666667	1210.98275862069	-0.0177934050754296	-0.0544078761361796	39.8271094133252	38.4052132762567	3
"96"	24	7.81916719713262	8.75878833667037	1291.26666666667	1210.98275862069	-0.0168475507238495	-0.0347167752799482	61.1867362593349	59.5562907154283	3
"97"	28	15.0884418494624	14.4281443589173	443	409.158620689655	-0.261903221109654	-0.287916095449246	29.5606084489472	30.0249091618245	3
"98"	32	15.0884418494624	14.4281443589173	443	409.158620689655	-0.193100489162624	-0.227138278953	48.6277769732061	49.1249272832223	3
"99"	36	13.4747234265233	12.8428880430108	1013.6	944.296551724138	-0.162653683699168	-0.223108550557232	33.3360788804402	33.3044113831427	3
"100"	40	13.4747234265233	12.8428880430108	1013.6	944.296551724138	-0.0914421405070087	-0.166878888204417	53.4426555086443	53.1657559410889	3
"101"	44	11.6366435698925	11.0066054267705	1409.86666666667	1299.15172413793	-0.0550391119246118	-0.0864393133070258	37.068425858975	37.2664326934759	3
"102"	48	11.6366435698925	11.0066054267705	1409.86666666667	1299.15172413793	-0.0287832749796043	-0.0585534350314054	58.3983947709643	58.2346567665109	3
"103"	52	14.6609997849462	15.0408597508343	472.266666666667	435.613793103448	-0.205924619860437	-0.28757472617501	31.8742887942295	30.0537767040021	3
"104"	56	14.6609997849462	15.0408597508343	472.266666666667	435.613793103448	-0.139833098839176	-0.214806856453959	51.7054261869382	49.1965743787532	3
"105"	60	12.9604784516129	13.4419146963293	1105.5	985.055172413793	-0.238554334354077	-0.251433978781464	33.1381641453422	32.3529865492452	3
"106"	64	12.9604784516129	13.4419146963293	1105.5	985.055172413793	-0.175048479823468	-0.187229677547765	52.7120633305887	51.7413289808063	3
"107"	68	11.054841562724	11.5797929922136	1518.86666666667	1356.7724137931	-0.115803615631039	-0.109385378987464	37.626890931584	36.4135871697579	3
"108"	72	11.054841562724	11.5797929922136	1518.86666666667	1356.7724137931	-0.0705468564855079	-0.0714166235831158	58.1620910408048	57.1019349772204	3
"109"	76	13.9677940071685	15.0642503566926	492.066666666667	451.524137931034	-0.247984586268359	-0.337099384297135	31.2301985817759	29.3120037761054	3
"110"	80	13.9677940071685	15.0642503566926	492.066666666667	451.524137931034	-0.177988622491101	-0.264447522668191	51.3275765661247	47.977866247924	3
"111"	84	12.4479439139785	13.5826502202447	1076.2	1066.33448275862	-0.225060899765794	-0.252501351077688	32.7641422351376	32.3067481730108	3
"112"	88	12.4479439139785	13.5826502202447	1076.2	1066.33448275862	-0.144841276208051	-0.184563288902405	52.5391723209034	51.6892109147857	3
"113"	92	10.6040224802867	11.7550797923619	1474.7	1478.02068965517	-0.054272632915494	-0.0990464210381797	37.6732677075655	36.753859055107	3
"114"	96	10.6040224802867	11.7550797923619	1474.7	1478.02068965517	-0.0282467127035788	-0.0623537547654429	58.9834060225548	57.7015126080401	3
"115"	100	16.8652870394265	17.537473122729	478.4	411.303448275862	-0.287296316061485	-0.399789577590034	28.7555816115371	26.9417403322215	3
"116"	104	16.8652870394265	17.537473122729	478.4	411.303448275862	-0.193169910738538	-0.307653954165144	48.3641459400106	44.9669258188712	3
"117"	108	15.4963171182796	16.0970497041157	1154.66666666667	1009.50689655172	-0.273064961135734	-0.324498516502359	30.8604702641621	30.2203845095169	3
"118"	112	15.4963171182796	16.0970497041157	1154.66666666667	1009.50689655172	-0.211699642255569	-0.239185203525026	50.1665444782295	49.2141776681053	3
"119"	116	13.6945327311828	14.3144758220245	1586.9	1371.05862068966	-0.143448809723104	-0.209730298247422	33.4669442160652	33.1043378896751	3
"120"	120	13.6945327311828	14.3144758220245	1586.9	1371.05862068966	-0.0711638769192781	-0.145639072718867	54.1396010184401	53.0910452054373	3
