"rid"	"temp.short"	"temp.long"	"prec.short"	"prec.long"	"potential.short"	"potential.long"	"content.short"	"content.long"	"replicate"
"1"	1	13.1025258781362	12.126620263997	428.7	390.906896551724	-0.28543910184385	-0.225392018413438	30.1345408569076	31.1788653833233	17
"2"	5	13.1025258781362	12.126620263997	428.7	390.906896551724	-0.24127527476067	-0.16993631902588	48.6315034293506	50.6313763703046	17
"3"	9	11.4417182939068	10.5406137901372	1026	881.027586206897	-0.101375899970938	-0.130396243278291	34.5137430098444	35.2325493420189	17
"4"	13	11.4417182939068	10.5406137901372	1026	881.027586206897	-0.0451315061373649	-0.0836476444004184	55.5277504273471	55.7891297917126	17
"5"	17	9.64413056630824	8.67985423804227	1427	1207.53448275862	-0.0213756919185779	-0.0555141915440157	39.3550044371372	38.6206275786428	17
"6"	21	9.64413056630824	8.67985423804227	1427	1207.53448275862	-0.0190994404145689	-0.0367141479686582	60.5417418483831	59.6866102522839	17
"7"	25	15.1030450322581	14.2798198665184	376.9	421.193103448276	-0.371294348949946	-0.258110631302386	28.7931865761452	30.4823919738721	17
"8"	29	15.1030450322581	14.2798198665184	376.9	421.193103448276	-0.258380445837864	-0.185333274075291	47.9357713167973	50.0657895134264	17
"9"	33	13.4914660501792	12.7431984946237	904.3	962.551724137931	-0.279693623949214	-0.21738718441449	32.4673032014971	33.5734277722373	17
"10"	37	13.4914660501792	12.7431984946237	904.3	962.551724137931	-0.211626873784129	-0.156723825107235	52.2021460145361	53.7031210244454	17
"11"	41	11.6671078136201	10.924292836485	1235.06666666667	1309.50344827586	-0.202050410353841	-0.118281283169905	34.5182085885553	36.9878912562902	17
"12"	45	11.6671078136201	10.924292836485	1235.06666666667	1309.50344827586	-0.147805425982139	-0.0879144790836592	54.6287457197604	57.745926108031	17
"13"	49	15.046814078853	14.983266315165	451.033333333333	414.355172413793	-0.284616695817943	-0.32785906916157	29.7190783768364	29.1819830457895	17
"14"	53	15.046814078853	14.983266315165	451.033333333333	414.355172413793	-0.218643792214726	-0.253717258146909	48.7957875491019	48.2476622816214	17
"15"	57	13.5725748387097	13.4752514393771	1006.3	972.165517241379	-0.158215866083916	-0.275574599062734	34.3844520351492	32.2163127932644	17
"16"	61	13.5725748387097	13.4752514393771	1006.3	972.165517241379	-0.0926498746309409	-0.210478233964014	55.1738338330991	51.6587593949925	17
"17"	65	11.7933284444444	11.6594895543196	1384.3	1341.06551724138	-0.113103481494294	-0.119392114389449	37.0580633704312	36.2366283769858	17
"18"	69	11.7933284444444	11.6594895543196	1384.3	1341.06551724138	-0.066115464024016	-0.0801159161038088	57.975419773431	56.9119584788794	17
"19"	73	16.1837708817204	15.0761204657026	363.6	453.589655172414	-0.449066567912573	-0.337645160300752	27.3900468023287	29.0196901768458	17
"20"	77	16.1837708817204	15.0761204657026	363.6	453.589655172414	-0.360508073210087	-0.269391403737024	44.7895934602035	47.263699578862	17
"21"	81	14.6997692043011	13.6109879347423	864.133333333333	1074.0724137931	-0.334718173060761	-0.259722486120259	31.4105386427027	32.3243724956634	17
"22"	85	14.6997692043011	13.6109879347423	864.133333333333	1074.0724137931	-0.272977424527955	-0.197584784992585	49.9428107327903	51.3310342596714	17
"23"	89	12.9372611182796	11.7934195728587	1199.1	1493.51034482759	-0.223865877892253	-0.104724654402175	33.7635736401097	36.6274569715712	17
"24"	93	12.9372611182796	11.7934195728587	1199.1	1493.51034482759	-0.171130352318683	-0.0656520939927827	53.7494776359201	57.3942193585497	17
"25"	97	16.6499312114695	17.4906708743048	466.533333333333	458.041379310345	-0.324452914706236	-0.37379364983511	28.293629287651	27.9511089011595	17
"26"	101	16.6499312114695	17.4906708743048	466.533333333333	458.041379310345	-0.264083706118509	-0.295622853452821	46.4867501399968	46.4169267217875	17
"27"	105	15.2748802150538	16.0746731598072	1084.4	1084.98620689655	-0.275412712362344	-0.348742310054201	30.7134935646534	30.3130512330743	17
"28"	109	15.2748802150538	16.0746731598072	1084.4	1084.98620689655	-0.191038559816873	-0.267044520307492	49.2176632577304	49.1226699993039	17
"29"	113	13.4686698781362	14.2716468372265	1503.26666666667	1449.90689655172	-0.123816244380416	-0.241225972812867	35.5945157878863	32.7299590473912	17
"30"	117	13.4686698781362	14.2716468372265	1503.26666666667	1449.90689655172	-0.0784127365541657	-0.173860595914859	56.1991604326514	52.4151526105276	17
"31"	2	12.0121010179211	11.9262616981832	401.733333333333	384.162068965517	-0.178856259731799	-0.229844507293471	32.1355704744946	30.755301001206	17
"32"	6	12.0121010179211	11.9262616981832	401.733333333333	384.162068965517	-0.0968137076178947	-0.174127582295898	52.4476435848692	50.0239107546113	17
"33"	10	10.4041231684588	10.3188933763441	908.266666666667	871.534482758621	-0.140837361744069	-0.133471724888259	34.8467000458549	35.1901198091147	17
"34"	14	10.4041231684588	10.3188933763441	908.266666666667	871.534482758621	-0.0719217016249893	-0.089392132052949	55.5089905522579	55.5572650046243	17
"35"	18	8.51691359139785	8.45841232480534	1229.73333333333	1207.91034482759	-0.0690784334088101	-0.0459924760878331	38.318444313412	38.8900022703327	17
"36"	22	8.51691359139785	8.45841232480534	1229.73333333333	1207.91034482759	-0.0458837376004748	-0.0296607806045102	59.4133188866259	60.0781484308082	17
"37"	26	14.3846664516129	14.227869294772	485.566666666667	430.234482758621	-0.167885803058846	-0.237166039870941	32.9384743549436	30.8400813258486	17
"38"	30	14.3846664516129	14.227869294772	485.566666666667	430.234482758621	-0.0928744258755982	-0.165385146653058	53.6979412907664	50.4932286466796	17
"39"	34	12.8722908817204	12.6841081913237	1074.83333333333	970.548275862069	-0.118039543535572	-0.187281874635552	35.408305028766	34.1160272403767	17
"40"	38	12.8722908817204	12.6841081913237	1074.83333333333	970.548275862069	-0.0626182513042187	-0.12870709293243	56.351042255041	54.5148517871825	17
"41"	42	11.0122136630824	10.8484985939933	1513.43333333333	1337.57586206897	-0.0490451984196249	-0.0962997419549206	37.5519864477439	37.1725254095893	17
"42"	46	11.0122136630824	10.8484985939933	1513.43333333333	1337.57586206897	-0.0268076556370983	-0.0686202718900953	58.8819553597332	58.1188100833825	17
"43"	50	14.8017765448029	14.9625787437894	412.866666666667	413.034482758621	-0.208199068602422	-0.330421482560038	31.9228589460215	29.2631725787818	17
"44"	54	14.8017765448029	14.9625787437894	412.866666666667	413.034482758621	-0.158597445169002	-0.258170389432721	52.2209353578261	48.2449266209603	17
"45"	58	13.1536579784946	13.4415476959585	997.3	982.289655172414	-0.18014394957361	-0.272520095827168	35.3128300421742	32.3236125932734	17
"46"	62	13.1536579784946	13.4415476959585	997.3	982.289655172414	-0.137273604822123	-0.210234158976594	55.7484617578361	51.6843479158461	17
"47"	66	11.2633841577061	11.6246367356322	1405.83333333333	1357.12068965517	-0.141732655772195	-0.124886892146135	36.9956940108397	36.367146625335	17
"48"	70	11.2633841577061	11.6246367356322	1405.83333333333	1357.12068965517	-0.111885301744041	-0.0901610857145606	57.5945872785294	56.9218862077953	17
"49"	74	14.3804754265233	15.1825499295514	517.8	425.51724137931	-0.163188608265588	-0.379577083101417	33.4764814258579	28.3723505840024	17
"50"	78	14.3804754265233	15.1825499295514	517.8	425.51724137931	-0.122835659395072	-0.312563514520164	53.6251346874215	46.2612975483339	17
"51"	82	12.9420187956989	13.7356875906563	1074.36666666667	1035.14482758621	-0.194091111490947	-0.273983812431161	34.2510735571138	32.1214453882098	17
"52"	86	12.9420187956989	13.7356875906563	1074.36666666667	1035.14482758621	-0.149142828062018	-0.213583925234579	53.6612349607452	50.9163703612596	17
"53"	90	11.1189168315412	11.9315930011123	1484.7	1445.97931034483	-0.148097163975892	-0.097473129100226	35.4706609212367	36.6246976080518	17
"54"	94	11.1189168315412	11.9315930011123	1484.7	1445.97931034483	-0.100348825582513	-0.0575662647900217	55.7964628669753	57.5057439728257	17
"55"	98	17.5832803297491	17.6313042565814	487.933333333333	454.341379310345	-0.387288722690371	-0.375383834217619	27.7415493379165	27.7516241929817	17
"56"	102	17.5832803297491	17.6313042565814	487.933333333333	454.341379310345	-0.275684470408549	-0.287596093979388	46.8237204738452	46.4131838985065	17
"57"	106	16.2361654193548	16.2233101149425	1170.86666666667	1074.58965517241	-0.417012589387569	-0.357296636312355	29.502365878713	30.0394796420364	17
"58"	110	16.2361654193548	16.2233101149425	1170.86666666667	1074.58965517241	-0.332222671855618	-0.272639585589805	47.9045992535393	48.8606015343009	17
"59"	114	14.4372311971326	14.4458338153504	1597.5	1445.10344827586	-0.312863059453486	-0.251323167094956	31.152840303462	32.4322966305478	17
"60"	118	14.4372311971326	14.4458338153504	1597.5	1445.10344827586	-0.241094146586687	-0.186001380100218	50.2540365164898	52.0321648143722	17
"61"	3	12.8236775483871	11.9519333926585	378	402.679310344828	-0.293469416695233	-0.210915527926825	29.9585468796264	31.2047644325579	17
"62"	7	12.8236775483871	11.9519333926585	378	402.679310344828	-0.261269488604688	-0.155039830042217	48.2015606390047	50.6740757461031	17
"63"	11	11.2398664946237	10.3854868223953	848.2	905.896551724138	-0.18081962839192	-0.139223791658508	33.9295988993133	34.9271823517684	17
"64"	15	11.2398664946237	10.3854868223953	848.2	905.896551724138	-0.142845164600861	-0.0937614473422052	53.1732817631324	55.1086468941269	17
"65"	19	9.34620488888889	8.55037915164998	1137.73333333333	1252.43793103448	-0.0546269263870645	-0.0436870694075913	38.5751607411042	38.8601202863842	17
"66"	23	9.34620488888889	8.55037915164998	1137.73333333333	1252.43793103448	-0.0308044803436878	-0.0290454427252075	59.6759888294827	60.012261280931	17
"67"	27	14.0261018494624	14.2202870700779	484.3	447.989655172414	-0.118646493539932	-0.211585182137654	33.1245175984537	31.3876177434497	17
"68"	31	14.0261018494624	14.2202870700779	484.3	447.989655172414	-0.0740368457136061	-0.144423685435283	53.59558978883	51.1251096648174	17
"69"	35	12.3798133476703	12.649615025584	1040.26666666667	1014.9275862069	-0.118953601031572	-0.156012013545688	34.6708396922328	34.6594362478732	17
"70"	39	12.3798133476703	12.649615025584	1040.26666666667	1014.9275862069	-0.0578188891466974	-0.100709108867774	55.5595738462411	55.1190462255082	17
"71"	43	10.491876	10.8002793563218	1361.63333333333	1411.52068965517	-0.0215249150993815	-0.0564780993151682	39.4200020287849	38.1503545419748	17
"72"	47	10.491876	10.8002793563218	1361.63333333333	1411.52068965517	-0.0183801167162475	-0.0399340884514089	60.7796278174605	59.2922101884144	17
"73"	51	16.2222648028674	15.1708837760475	366.033333333333	392.362068965517	-0.410083619426033	-0.319163041759256	26.7055183578097	28.7059119023016	17
"74"	55	16.2222648028674	15.1708837760475	366.033333333333	392.362068965517	-0.302710021195074	-0.238351912920239	44.7379920217949	47.6085877544449	17
"75"	59	14.6689320286738	13.6443770574713	848.2	906.768965517241	-0.371450664574628	-0.253605131692877	29.2159891204356	32.2990869549386	17
"76"	63	14.6689320286738	13.6443770574713	848.2	906.768965517241	-0.292689449746382	-0.19420572988515	47.5602703613698	51.7295907112432	17
"77"	67	12.8442084301075	11.8133744679273	1193.5	1248.87586206897	-0.167137898512735	-0.112603303579907	33.8220735117568	36.0305510769476	17
"78"	71	12.8442084301075	11.8133744679273	1193.5	1248.87586206897	-0.100278193733141	-0.0706902109971441	54.2128201175059	56.805756152791	17
"79"	75	14.9337143369176	15.1254187482388	484.2	427.341379310345	-0.293347888326237	-0.369455434785786	28.9408803158239	28.54190111391	17
"80"	79	14.9337143369176	15.1254187482388	484.2	427.341379310345	-0.210772801310678	-0.298928514846489	47.959076496002	46.7615348633108	17
"81"	83	13.4249026810036	13.6478249002595	1106.46666666667	1015.09655172414	-0.239303119638049	-0.27690824073543	32.353968965856	32.1155926569643	17
"82"	87	13.4249026810036	13.6478249002595	1106.46666666667	1015.09655172414	-0.172295655049027	-0.213526018388685	52.0578309406454	51.3015659308507	17
"83"	91	11.5620707956989	11.8422943774564	1529.96666666667	1393.73793103448	-0.106833526865343	-0.104909510207799	35.9978159025038	36.7351755076292	17
"84"	95	11.5620707956989	11.8422943774564	1529.96666666667	1393.73793103448	-0.0666296639205517	-0.0682529323389275	56.5384733844612	57.5613181282713	17
"85"	99	18.3835350681004	17.3765966243975	413.3	443.589655172414	-0.444190145486892	-0.369107739077867	25.8385981696823	27.7155971647072	17
"86"	103	18.3835350681004	17.3765966243975	413.3	443.589655172414	-0.354507730814601	-0.283194057952084	43.7790708280717	46.2435244835435	17
"87"	107	17.0472797706093	15.9382429217649	1021.2	1053.64482758621	-0.424246304032247	-0.337473790149619	28.4993059101993	30.1632225259296	17
"88"	111	17.0472797706093	15.9382429217649	1021.2	1053.64482758621	-0.333368334921363	-0.257687882377997	47.1039609751185	49.0756004343903	17
"89"	115	15.2890644301075	14.1550846080831	1362.23333333333	1409.50344827586	-0.302262333690516	-0.222672462308096	31.1008436515009	32.9812214273172	17
"90"	119	15.2890644301075	14.1550846080831	1362.23333333333	1409.50344827586	-0.22773505384186	-0.166372826846742	50.2017506882741	52.7689683565744	17
"91"	4	12.4757016917563	12.2877437315536	334.066666666667	372.196551724138	-0.317452341503112	-0.277506311914872	29.4438665165089	30.1148565731422	17
"92"	8	12.4757016917563	12.2877437315536	334.066666666667	372.196551724138	-0.250778750717	-0.225393609516503	47.7811949698472	49.0016234232057	17
"93"	12	11.0254256057348	10.7308573511309	747.9	851.093103448276	-0.246742917158394	-0.206596216634089	32.7037540578981	33.7399772009953	17
"94"	16	11.0254256057348	10.7308573511309	747.9	851.093103448276	-0.188151188141904	-0.156380507050869	52.0196256862527	53.3919371608794	17
"95"	20	9.22735245878136	8.88907809269559	1038.3	1169.20689655172	-0.150064088959555	-0.0820318257225156	36.2235455473324	38.0030189247285	17
"96"	24	9.22735245878136	8.88907809269559	1038.3	1169.20689655172	-0.0936899845414776	-0.0549895443042614	56.773953260178	58.8690599226253	17
"97"	28	14.473654781362	14.2890647193178	427.666666666667	428.158620689655	-0.291811112730525	-0.283425595665219	31.4347495371168	30.62078642599	17
"98"	32	14.473654781362	14.2890647193178	427.666666666667	428.158620689655	-0.226939935184612	-0.21471044659198	51.1395808410518	49.9778512665681	17
"99"	36	12.9966328458781	12.7252790923248	994.433333333333	993.441379310345	-0.275068096365628	-0.219179908177004	33.459560281421	33.6344238218153	17
"100"	40	12.9966328458781	12.7252790923248	994.433333333333	993.441379310345	-0.224538982505069	-0.159998439101643	53.0691887846964	53.6886204579645	17
"101"	44	11.1826752258065	10.8765185747126	1433.86666666667	1363.65172413793	-0.175892260328158	-0.0926052371113059	36.1021963826604	37.3646545209142	17
"102"	48	11.1826752258065	10.8765185747126	1433.86666666667	1363.65172413793	-0.126589894645573	-0.0632732102922428	56.4546300756263	58.3188995711027	17
"103"	52	15.5695494193548	14.9784350626622	414.933333333333	422.631034482759	-0.373070148626655	-0.30435224048468	28.8533586005224	29.1221248780688	17
"104"	56	15.5695494193548	14.9784350626622	414.933333333333	422.631034482759	-0.294402670034826	-0.230817890202953	47.3514837618848	48.1420228183012	17
"105"	60	14.0686604301075	13.4682063166481	1026.1	969.875862068965	-0.337127877322017	-0.255362423913605	31.5327395198236	32.4829289234543	17
"106"	64	14.0686604301075	13.4682063166481	1026.1	969.875862068965	-0.264703473529624	-0.192176549066224	50.4145511321472	51.8428302475338	17
"107"	68	12.2608627240143	11.658437248795	1417.4	1335.75172413793	-0.148359313654265	-0.10110629895169	36.5837387068571	36.6007633891338	17
"108"	72	12.2608627240143	11.658437248795	1417.4	1335.75172413793	-0.113831136412248	-0.0642512180113437	57.1826319745468	57.3545428217837	17
"109"	76	14.8654212473118	15.3225313919169	472.933333333333	468.948275862069	-0.215691790675245	-0.284849444870235	31.9612628788845	30.3132143860252	17
"110"	80	14.8654212473118	15.3225313919169	472.933333333333	468.948275862069	-0.17522341555345	-0.223440559595199	50.993889236538	49.2588594215933	17
"111"	84	13.4273637562724	13.8299433311086	1111	1084.49655172414	-0.226803324901776	-0.255137624495961	33.4637787295497	32.6893898089867	17
"112"	88	13.4273637562724	13.8299433311086	1111	1084.49655172414	-0.17703602789344	-0.193020945375519	52.3857906740748	52.0260792857092	17
"113"	92	11.5768307526882	11.9975339280682	1515.9	1484.17586206897	-0.0940127541784126	-0.111445097421595	37.1948196780055	36.4674988603515	17
"114"	96	11.5768307526882	11.9975339280682	1515.9	1484.17586206897	-0.0535665356714011	-0.0755355995738228	58.0352378894555	57.0973827765509	17
"115"	100	18.9027677992832	17.8274603173897	435.5	445.034482758621	-0.475014833200856	-0.393223998681594	27.5739175817717	28.0407636317889	17
"116"	104	18.9027677992832	17.8274603173897	435.5	445.034482758621	-0.37635775383376	-0.298419915361411	46.1449713409216	46.5210736224462	17
"117"	108	17.4569116989247	16.4121207178346	1020.7	1062.80344827586	-0.416130434695661	-0.352143379213338	29.6913271406397	30.583155784194	17
"118"	112	17.4569116989247	16.4121207178346	1020.7	1062.80344827586	-0.326362579446464	-0.271182982887589	48.4711296610106	49.4358299828059	17
"119"	116	15.6447774767025	14.6200145050056	1399.13333333333	1426.83103448276	-0.320163551869338	-0.273151027954814	31.0132352419911	32.3601214322145	17
"120"	120	15.6447774767025	14.6200145050056	1399.13333333333	1426.83103448276	-0.270956307189556	-0.213038226937786	49.9765892669266	51.766319630653	17
