id x y modelclimatetableName modelsiteavailableNitrogen modelsitesoilDepth modelsitepctSand modelsitepctSilt modelsitepctClay
1 0 0 low_hist 45 30 34 33 33
2 1 0 low_hist 45 30 34 33 33
3 2 0 low_hist 45 30 34 33 33
4 3 0 low_hist 45 30 34 33 33
5 4 0 low_hist 45 30 34 33 33
6 5 0 low_hist 45 30 34 33 33
7 6 0 low_hist 45 30 34 33 33
8 7 0 low_hist 45 30 34 33 33
9 8 0 low_hist 45 30 34 33 33
10 9 0 low_hist 45 30 34 33 33
11 10 0 low_hist 45 30 34 33 33
12 11 0 low_hist 45 30 34 33 33
13 12 0 low_hist 55 30 34 33 33
14 13 0 low_hist 55 30 34 33 33
15 14 0 low_hist 55 30 34 33 33
16 15 0 low_hist 55 30 34 33 33
17 16 0 low_hist 55 30 34 33 33
18 17 0 low_hist 55 30 34 33 33
19 18 0 low_hist 55 30 34 33 33
20 19 0 low_hist 55 30 34 33 33
21 20 0 low_hist 55 30 34 33 33
22 21 0 low_hist 55 30 34 33 33
23 22 0 low_hist 55 30 34 33 33
24 23 0 low_hist 55 30 34 33 33
25 24 0 med_hist 45 30 34 33 33
26 25 0 med_hist 45 30 34 33 33
27 26 0 med_hist 45 30 34 33 33
28 27 0 med_hist 45 30 34 33 33
29 28 0 med_hist 45 30 34 33 33
30 29 0 med_hist 45 30 34 33 33
31 30 0 med_hist 45 30 34 33 33
32 31 0 med_hist 45 30 34 33 33
33 32 0 med_hist 45 30 34 33 33
34 33 0 med_hist 45 30 34 33 33
35 34 0 med_hist 45 30 34 33 33
36 35 0 med_hist 45 30 34 33 33
37 0 1 med_hist 55 30 34 33 33
38 1 1 med_hist 55 30 34 33 33
39 2 1 med_hist 55 30 34 33 33
40 3 1 med_hist 55 30 34 33 33
41 4 1 med_hist 55 30 34 33 33
42 5 1 med_hist 55 30 34 33 33
43 6 1 med_hist 55 30 34 33 33
44 7 1 med_hist 55 30 34 33 33
45 8 1 med_hist 55 30 34 33 33
46 9 1 med_hist 55 30 34 33 33
47 10 1 med_hist 55 30 34 33 33
48 11 1 med_hist 55 30 34 33 33
49 12 1 high_hist 45 30 34 33 33
50 13 1 high_hist 45 30 34 33 33
51 14 1 high_hist 45 30 34 33 33
52 15 1 high_hist 45 30 34 33 33
53 16 1 high_hist 45 30 34 33 33
54 17 1 high_hist 45 30 34 33 33
55 18 1 high_hist 45 30 34 33 33
56 19 1 high_hist 45 30 34 33 33
57 20 1 high_hist 45 30 34 33 33
58 21 1 high_hist 45 30 34 33 33
59 22 1 high_hist 45 30 34 33 33
60 23 1 high_hist 45 30 34 33 33
61 24 1 high_hist 55 30 34 33 33
62 25 1 high_hist 55 30 34 33 33
63 26 1 high_hist 55 30 34 33 33
64 27 1 high_hist 55 30 34 33 33
65 28 1 high_hist 55 30 34 33 33
66 29 1 high_hist 55 30 34 33 33
67 30 1 high_hist 55 30 34 33 33
68 31 1 high_hist 55 30 34 33 33
69 32 1 high_hist 55 30 34 33 33
70 33 1 high_hist 55 30 34 33 33
71 34 1 high_hist 55 30 34 33 33
72 35 1 high_hist 55 30 34 33 33
73 0 2 low_rcp_45_2030 45 30 34 33 33
74 1 2 low_rcp_45_2030 45 30 34 33 33
75 2 2 low_rcp_45_2030 45 30 34 33 33
76 3 2 low_rcp_45_2030 45 30 34 33 33
77 4 2 low_rcp_45_2030 45 30 34 33 33
78 5 2 low_rcp_45_2030 45 30 34 33 33
79 6 2 low_rcp_45_2030 45 30 34 33 33
80 7 2 low_rcp_45_2030 45 30 34 33 33
81 8 2 low_rcp_45_2030 45 30 34 33 33
82 9 2 low_rcp_45_2030 45 30 34 33 33
83 10 2 low_rcp_45_2030 45 30 34 33 33
84 11 2 low_rcp_45_2030 45 30 34 33 33
85 12 2 low_rcp_45_2030 55 30 34 33 33
86 13 2 low_rcp_45_2030 55 30 34 33 33
87 14 2 low_rcp_45_2030 55 30 34 33 33
88 15 2 low_rcp_45_2030 55 30 34 33 33
89 16 2 low_rcp_45_2030 55 30 34 33 33
90 17 2 low_rcp_45_2030 55 30 34 33 33
91 18 2 low_rcp_45_2030 55 30 34 33 33
92 19 2 low_rcp_45_2030 55 30 34 33 33
93 20 2 low_rcp_45_2030 55 30 34 33 33
94 21 2 low_rcp_45_2030 55 30 34 33 33
95 22 2 low_rcp_45_2030 55 30 34 33 33
96 23 2 low_rcp_45_2030 55 30 34 33 33
97 24 2 mid_rcp_45_2030 45 30 34 33 33
98 25 2 mid_rcp_45_2030 45 30 34 33 33
99 26 2 mid_rcp_45_2030 45 30 34 33 33
100 27 2 mid_rcp_45_2030 45 30 34 33 33
101 28 2 mid_rcp_45_2030 45 30 34 33 33
102 29 2 mid_rcp_45_2030 45 30 34 33 33
103 30 2 mid_rcp_45_2030 45 30 34 33 33
104 31 2 mid_rcp_45_2030 45 30 34 33 33
105 32 2 mid_rcp_45_2030 45 30 34 33 33
106 33 2 mid_rcp_45_2030 45 30 34 33 33
107 34 2 mid_rcp_45_2030 45 30 34 33 33
108 35 2 mid_rcp_45_2030 45 30 34 33 33
109 0 3 mid_rcp_45_2030 55 30 34 33 33
110 1 3 mid_rcp_45_2030 55 30 34 33 33
111 2 3 mid_rcp_45_2030 55 30 34 33 33
112 3 3 mid_rcp_45_2030 55 30 34 33 33
113 4 3 mid_rcp_45_2030 55 30 34 33 33
114 5 3 mid_rcp_45_2030 55 30 34 33 33
115 6 3 mid_rcp_45_2030 55 30 34 33 33
116 7 3 mid_rcp_45_2030 55 30 34 33 33
117 8 3 mid_rcp_45_2030 55 30 34 33 33
118 9 3 mid_rcp_45_2030 55 30 34 33 33
119 10 3 mid_rcp_45_2030 55 30 34 33 33
120 11 3 mid_rcp_45_2030 55 30 34 33 33
121 12 3 high_rcp_45_2030 45 30 34 33 33
122 13 3 high_rcp_45_2030 45 30 34 33 33
123 14 3 high_rcp_45_2030 45 30 34 33 33
124 15 3 high_rcp_45_2030 45 30 34 33 33
125 16 3 high_rcp_45_2030 45 30 34 33 33
126 17 3 high_rcp_45_2030 45 30 34 33 33
127 18 3 high_rcp_45_2030 45 30 34 33 33
128 19 3 high_rcp_45_2030 45 30 34 33 33
129 20 3 high_rcp_45_2030 45 30 34 33 33
130 21 3 high_rcp_45_2030 45 30 34 33 33
131 22 3 high_rcp_45_2030 45 30 34 33 33
132 23 3 high_rcp_45_2030 45 30 34 33 33
133 24 3 high_rcp_45_2030 55 30 34 33 33
134 25 3 high_rcp_45_2030 55 30 34 33 33
135 26 3 high_rcp_45_2030 55 30 34 33 33
136 27 3 high_rcp_45_2030 55 30 34 33 33
137 28 3 high_rcp_45_2030 55 30 34 33 33
138 29 3 high_rcp_45_2030 55 30 34 33 33
139 30 3 high_rcp_45_2030 55 30 34 33 33
140 31 3 high_rcp_45_2030 55 30 34 33 33
141 32 3 high_rcp_45_2030 55 30 34 33 33
142 33 3 high_rcp_45_2030 55 30 34 33 33
143 34 3 high_rcp_45_2030 55 30 34 33 33
144 35 3 high_rcp_45_2030 55 30 34 33 33
145 0 4 low_rcp_8_2030 45 30 34 33 33
146 1 4 low_rcp_8_2030 45 30 34 33 33
147 2 4 low_rcp_8_2030 45 30 34 33 33
148 3 4 low_rcp_8_2030 45 30 34 33 33
149 4 4 low_rcp_8_2030 45 30 34 33 33
150 5 4 low_rcp_8_2030 45 30 34 33 33
151 6 4 low_rcp_8_2030 45 30 34 33 33
152 7 4 low_rcp_8_2030 45 30 34 33 33
153 8 4 low_rcp_8_2030 45 30 34 33 33
154 9 4 low_rcp_8_2030 45 30 34 33 33
155 10 4 low_rcp_8_2030 45 30 34 33 33
156 11 4 low_rcp_8_2030 45 30 34 33 33
157 12 4 low_rcp_8_2030 55 30 34 33 33
158 13 4 low_rcp_8_2030 55 30 34 33 33
159 14 4 low_rcp_8_2030 55 30 34 33 33
160 15 4 low_rcp_8_2030 55 30 34 33 33
161 16 4 low_rcp_8_2030 55 30 34 33 33
162 17 4 low_rcp_8_2030 55 30 34 33 33
163 18 4 low_rcp_8_2030 55 30 34 33 33
164 19 4 low_rcp_8_2030 55 30 34 33 33
165 20 4 low_rcp_8_2030 55 30 34 33 33
166 21 4 low_rcp_8_2030 55 30 34 33 33
167 22 4 low_rcp_8_2030 55 30 34 33 33
168 23 4 low_rcp_8_2030 55 30 34 33 33
169 24 4 mid_rcp_8_2030 45 30 34 33 33
170 25 4 mid_rcp_8_2030 45 30 34 33 33
171 26 4 mid_rcp_8_2030 45 30 34 33 33
172 27 4 mid_rcp_8_2030 45 30 34 33 33
173 28 4 mid_rcp_8_2030 45 30 34 33 33
174 29 4 mid_rcp_8_2030 45 30 34 33 33
175 30 4 mid_rcp_8_2030 45 30 34 33 33
176 31 4 mid_rcp_8_2030 45 30 34 33 33
177 32 4 mid_rcp_8_2030 45 30 34 33 33
178 33 4 mid_rcp_8_2030 45 30 34 33 33
179 34 4 mid_rcp_8_2030 45 30 34 33 33
180 35 4 mid_rcp_8_2030 45 30 34 33 33
181 0 5 mid_rcp_8_2030 55 30 34 33 33
182 1 5 mid_rcp_8_2030 55 30 34 33 33
183 2 5 mid_rcp_8_2030 55 30 34 33 33
184 3 5 mid_rcp_8_2030 55 30 34 33 33
185 4 5 mid_rcp_8_2030 55 30 34 33 33
186 5 5 mid_rcp_8_2030 55 30 34 33 33
187 6 5 mid_rcp_8_2030 55 30 34 33 33
188 7 5 mid_rcp_8_2030 55 30 34 33 33
189 8 5 mid_rcp_8_2030 55 30 34 33 33
190 9 5 mid_rcp_8_2030 55 30 34 33 33
191 10 5 mid_rcp_8_2030 55 30 34 33 33
192 11 5 mid_rcp_8_2030 55 30 34 33 33
193 12 5 high_rcp_8_2030 45 30 34 33 33
194 13 5 high_rcp_8_2030 45 30 34 33 33
195 14 5 high_rcp_8_2030 45 30 34 33 33
196 15 5 high_rcp_8_2030 45 30 34 33 33
197 16 5 high_rcp_8_2030 45 30 34 33 33
198 17 5 high_rcp_8_2030 45 30 34 33 33
199 18 5 high_rcp_8_2030 45 30 34 33 33
200 19 5 high_rcp_8_2030 45 30 34 33 33
201 20 5 high_rcp_8_2030 45 30 34 33 33
202 21 5 high_rcp_8_2030 45 30 34 33 33
203 22 5 high_rcp_8_2030 45 30 34 33 33
204 23 5 high_rcp_8_2030 45 30 34 33 33
205 24 5 high_rcp_8_2030 55 30 34 33 33
206 25 5 high_rcp_8_2030 55 30 34 33 33
207 26 5 high_rcp_8_2030 55 30 34 33 33
208 27 5 high_rcp_8_2030 55 30 34 33 33
209 28 5 high_rcp_8_2030 55 30 34 33 33
210 29 5 high_rcp_8_2030 55 30 34 33 33
211 30 5 high_rcp_8_2030 55 30 34 33 33
212 31 5 high_rcp_8_2030 55 30 34 33 33
213 32 5 high_rcp_8_2030 55 30 34 33 33
214 33 5 high_rcp_8_2030 55 30 34 33 33
215 34 5 high_rcp_8_2030 55 30 34 33 33
216 35 5 high_rcp_8_2030 55 30 34 33 33
217 0 6 low_rcp_45_2070 45 30 34 33 33
218 1 6 low_rcp_45_2070 45 30 34 33 33
219 2 6 low_rcp_45_2070 45 30 34 33 33
220 3 6 low_rcp_45_2070 45 30 34 33 33
221 4 6 low_rcp_45_2070 45 30 34 33 33
222 5 6 low_rcp_45_2070 45 30 34 33 33
223 6 6 low_rcp_45_2070 45 30 34 33 33
224 7 6 low_rcp_45_2070 45 30 34 33 33
225 8 6 low_rcp_45_2070 45 30 34 33 33
226 9 6 low_rcp_45_2070 45 30 34 33 33
227 10 6 low_rcp_45_2070 45 30 34 33 33
228 11 6 low_rcp_45_2070 45 30 34 33 33
229 12 6 low_rcp_45_2070 55 30 34 33 33
230 13 6 low_rcp_45_2070 55 30 34 33 33
231 14 6 low_rcp_45_2070 55 30 34 33 33
232 15 6 low_rcp_45_2070 55 30 34 33 33
233 16 6 low_rcp_45_2070 55 30 34 33 33
234 17 6 low_rcp_45_2070 55 30 34 33 33
235 18 6 low_rcp_45_2070 55 30 34 33 33
236 19 6 low_rcp_45_2070 55 30 34 33 33
237 20 6 low_rcp_45_2070 55 30 34 33 33
238 21 6 low_rcp_45_2070 55 30 34 33 33
239 22 6 low_rcp_45_2070 55 30 34 33 33
240 23 6 low_rcp_45_2070 55 30 34 33 33
241 24 6 mid_rcp_45_2070 45 30 34 33 33
242 25 6 mid_rcp_45_2070 45 30 34 33 33
243 26 6 mid_rcp_45_2070 45 30 34 33 33
244 27 6 mid_rcp_45_2070 45 30 34 33 33
245 28 6 mid_rcp_45_2070 45 30 34 33 33
246 29 6 mid_rcp_45_2070 45 30 34 33 33
247 30 6 mid_rcp_45_2070 45 30 34 33 33
248 31 6 mid_rcp_45_2070 45 30 34 33 33
249 32 6 mid_rcp_45_2070 45 30 34 33 33
250 33 6 mid_rcp_45_2070 45 30 34 33 33
251 34 6 mid_rcp_45_2070 45 30 34 33 33
252 35 6 mid_rcp_45_2070 45 30 34 33 33
253 0 7 mid_rcp_45_2070 55 30 34 33 33
254 1 7 mid_rcp_45_2070 55 30 34 33 33
255 2 7 mid_rcp_45_2070 55 30 34 33 33
256 3 7 mid_rcp_45_2070 55 30 34 33 33
257 4 7 mid_rcp_45_2070 55 30 34 33 33
258 5 7 mid_rcp_45_2070 55 30 34 33 33
259 6 7 mid_rcp_45_2070 55 30 34 33 33
260 7 7 mid_rcp_45_2070 55 30 34 33 33
261 8 7 mid_rcp_45_2070 55 30 34 33 33
262 9 7 mid_rcp_45_2070 55 30 34 33 33
263 10 7 mid_rcp_45_2070 55 30 34 33 33
264 11 7 mid_rcp_45_2070 55 30 34 33 33
265 12 7 high_rcp_45_2070 45 30 34 33 33
266 13 7 high_rcp_45_2070 45 30 34 33 33
267 14 7 high_rcp_45_2070 45 30 34 33 33
268 15 7 high_rcp_45_2070 45 30 34 33 33
269 16 7 high_rcp_45_2070 45 30 34 33 33
270 17 7 high_rcp_45_2070 45 30 34 33 33
271 18 7 high_rcp_45_2070 45 30 34 33 33
272 19 7 high_rcp_45_2070 45 30 34 33 33
273 20 7 high_rcp_45_2070 45 30 34 33 33
274 21 7 high_rcp_45_2070 45 30 34 33 33
275 22 7 high_rcp_45_2070 45 30 34 33 33
276 23 7 high_rcp_45_2070 45 30 34 33 33
277 24 7 high_rcp_45_2070 55 30 34 33 33
278 25 7 high_rcp_45_2070 55 30 34 33 33
279 26 7 high_rcp_45_2070 55 30 34 33 33
280 27 7 high_rcp_45_2070 55 30 34 33 33
281 28 7 high_rcp_45_2070 55 30 34 33 33
282 29 7 high_rcp_45_2070 55 30 34 33 33
283 30 7 high_rcp_45_2070 55 30 34 33 33
284 31 7 high_rcp_45_2070 55 30 34 33 33
285 32 7 high_rcp_45_2070 55 30 34 33 33
286 33 7 high_rcp_45_2070 55 30 34 33 33
287 34 7 high_rcp_45_2070 55 30 34 33 33
288 35 7 high_rcp_45_2070 55 30 34 33 33
289 0 8 low_rcp_8_2070 45 30 34 33 33
290 1 8 low_rcp_8_2070 45 30 34 33 33
291 2 8 low_rcp_8_2070 45 30 34 33 33
292 3 8 low_rcp_8_2070 45 30 34 33 33
293 4 8 low_rcp_8_2070 45 30 34 33 33
294 5 8 low_rcp_8_2070 45 30 34 33 33
295 6 8 low_rcp_8_2070 45 30 34 33 33
296 7 8 low_rcp_8_2070 45 30 34 33 33
297 8 8 low_rcp_8_2070 45 30 34 33 33
298 9 8 low_rcp_8_2070 45 30 34 33 33
299 10 8 low_rcp_8_2070 45 30 34 33 33
300 11 8 low_rcp_8_2070 45 30 34 33 33
301 12 8 low_rcp_8_2070 55 30 34 33 33
302 13 8 low_rcp_8_2070 55 30 34 33 33
303 14 8 low_rcp_8_2070 55 30 34 33 33
304 15 8 low_rcp_8_2070 55 30 34 33 33
305 16 8 low_rcp_8_2070 55 30 34 33 33
306 17 8 low_rcp_8_2070 55 30 34 33 33
307 18 8 low_rcp_8_2070 55 30 34 33 33
308 19 8 low_rcp_8_2070 55 30 34 33 33
309 20 8 low_rcp_8_2070 55 30 34 33 33
310 21 8 low_rcp_8_2070 55 30 34 33 33
311 22 8 low_rcp_8_2070 55 30 34 33 33
312 23 8 low_rcp_8_2070 55 30 34 33 33
313 24 8 mid_rcp_8_2070 45 30 34 33 33
314 25 8 mid_rcp_8_2070 45 30 34 33 33
315 26 8 mid_rcp_8_2070 45 30 34 33 33
316 27 8 mid_rcp_8_2070 45 30 34 33 33
317 28 8 mid_rcp_8_2070 45 30 34 33 33
318 29 8 mid_rcp_8_2070 45 30 34 33 33
319 30 8 mid_rcp_8_2070 45 30 34 33 33
320 31 8 mid_rcp_8_2070 45 30 34 33 33
321 32 8 mid_rcp_8_2070 45 30 34 33 33
322 33 8 mid_rcp_8_2070 45 30 34 33 33
323 34 8 mid_rcp_8_2070 45 30 34 33 33
324 35 8 mid_rcp_8_2070 45 30 34 33 33
325 0 9 mid_rcp_8_2070 55 30 34 33 33
326 1 9 mid_rcp_8_2070 55 30 34 33 33
327 2 9 mid_rcp_8_2070 55 30 34 33 33
328 3 9 mid_rcp_8_2070 55 30 34 33 33
329 4 9 mid_rcp_8_2070 55 30 34 33 33
330 5 9 mid_rcp_8_2070 55 30 34 33 33
331 6 9 mid_rcp_8_2070 55 30 34 33 33
332 7 9 mid_rcp_8_2070 55 30 34 33 33
333 8 9 mid_rcp_8_2070 55 30 34 33 33
334 9 9 mid_rcp_8_2070 55 30 34 33 33
335 10 9 mid_rcp_8_2070 55 30 34 33 33
336 11 9 mid_rcp_8_2070 55 30 34 33 33
337 12 9 high_rcp_8_2070 45 30 34 33 33
338 13 9 high_rcp_8_2070 45 30 34 33 33
339 14 9 high_rcp_8_2070 45 30 34 33 33
340 15 9 high_rcp_8_2070 45 30 34 33 33
341 16 9 high_rcp_8_2070 45 30 34 33 33
342 17 9 high_rcp_8_2070 45 30 34 33 33
343 18 9 high_rcp_8_2070 45 30 34 33 33
344 19 9 high_rcp_8_2070 45 30 34 33 33
345 20 9 high_rcp_8_2070 45 30 34 33 33
346 21 9 high_rcp_8_2070 45 30 34 33 33
347 22 9 high_rcp_8_2070 45 30 34 33 33
348 23 9 high_rcp_8_2070 45 30 34 33 33
349 24 9 high_rcp_8_2070 55 30 34 33 33
350 25 9 high_rcp_8_2070 55 30 34 33 33
351 26 9 high_rcp_8_2070 55 30 34 33 33
352 27 9 high_rcp_8_2070 55 30 34 33 33
353 28 9 high_rcp_8_2070 55 30 34 33 33
354 29 9 high_rcp_8_2070 55 30 34 33 33
355 30 9 high_rcp_8_2070 55 30 34 33 33
356 31 9 high_rcp_8_2070 55 30 34 33 33
357 32 9 high_rcp_8_2070 55 30 34 33 33
358 33 9 high_rcp_8_2070 55 30 34 33 33
359 34 9 high_rcp_8_2070 55 30 34 33 33
360 35 9 high_rcp_8_2070 55 30 34 33 33
361 0 10 low_hist 45 30 34 33 33
362 1 10 low_hist 45 30 34 33 33
363 2 10 low_hist 45 30 34 33 33
364 3 10 low_hist 45 30 34 33 33
365 4 10 low_hist 45 30 34 33 33
366 5 10 low_hist 45 30 34 33 33
367 6 10 low_hist 45 30 34 33 33
368 7 10 low_hist 45 30 34 33 33
369 8 10 low_hist 45 30 34 33 33
370 9 10 low_hist 45 30 34 33 33
371 10 10 low_hist 45 30 34 33 33
372 11 10 low_hist 45 30 34 33 33
373 12 10 low_hist 55 30 34 33 33
374 13 10 low_hist 55 30 34 33 33
375 14 10 low_hist 55 30 34 33 33
376 15 10 low_hist 55 30 34 33 33
377 16 10 low_hist 55 30 34 33 33
378 17 10 low_hist 55 30 34 33 33
379 18 10 low_hist 55 30 34 33 33
380 19 10 low_hist 55 30 34 33 33
381 20 10 low_hist 55 30 34 33 33
382 21 10 low_hist 55 30 34 33 33
383 22 10 low_hist 55 30 34 33 33
384 23 10 low_hist 55 30 34 33 33
385 24 10 med_hist 45 30 34 33 33
386 25 10 med_hist 45 30 34 33 33
387 26 10 med_hist 45 30 34 33 33
388 27 10 med_hist 45 30 34 33 33
389 28 10 med_hist 45 30 34 33 33
390 29 10 med_hist 45 30 34 33 33
391 30 10 med_hist 45 30 34 33 33
392 31 10 med_hist 45 30 34 33 33
393 32 10 med_hist 45 30 34 33 33
394 33 10 med_hist 45 30 34 33 33
395 34 10 med_hist 45 30 34 33 33
396 35 10 med_hist 45 30 34 33 33
397 0 11 med_hist 55 30 34 33 33
398 1 11 med_hist 55 30 34 33 33
399 2 11 med_hist 55 30 34 33 33
400 3 11 med_hist 55 30 34 33 33
401 4 11 med_hist 55 30 34 33 33
402 5 11 med_hist 55 30 34 33 33
403 6 11 med_hist 55 30 34 33 33
404 7 11 med_hist 55 30 34 33 33
405 8 11 med_hist 55 30 34 33 33
406 9 11 med_hist 55 30 34 33 33
407 10 11 med_hist 55 30 34 33 33
408 11 11 med_hist 55 30 34 33 33
409 12 11 high_hist 45 30 34 33 33
410 13 11 high_hist 45 30 34 33 33
411 14 11 high_hist 45 30 34 33 33
412 15 11 high_hist 45 30 34 33 33
413 16 11 high_hist 45 30 34 33 33
414 17 11 high_hist 45 30 34 33 33
415 18 11 high_hist 45 30 34 33 33
416 19 11 high_hist 45 30 34 33 33
417 20 11 high_hist 45 30 34 33 33
418 21 11 high_hist 45 30 34 33 33
419 22 11 high_hist 45 30 34 33 33
420 23 11 high_hist 45 30 34 33 33
421 24 11 high_hist 55 30 34 33 33
422 25 11 high_hist 55 30 34 33 33
423 26 11 high_hist 55 30 34 33 33
424 27 11 high_hist 55 30 34 33 33
425 28 11 high_hist 55 30 34 33 33
426 29 11 high_hist 55 30 34 33 33
427 30 11 high_hist 55 30 34 33 33
428 31 11 high_hist 55 30 34 33 33
429 32 11 high_hist 55 30 34 33 33
430 33 11 high_hist 55 30 34 33 33
431 34 11 high_hist 55 30 34 33 33
432 35 11 high_hist 55 30 34 33 33
433 0 12 low_rcp_45_2030 45 30 34 33 33
434 1 12 low_rcp_45_2030 45 30 34 33 33
435 2 12 low_rcp_45_2030 45 30 34 33 33
436 3 12 low_rcp_45_2030 45 30 34 33 33
437 4 12 low_rcp_45_2030 45 30 34 33 33
438 5 12 low_rcp_45_2030 45 30 34 33 33
439 6 12 low_rcp_45_2030 45 30 34 33 33
440 7 12 low_rcp_45_2030 45 30 34 33 33
441 8 12 low_rcp_45_2030 45 30 34 33 33
442 9 12 low_rcp_45_2030 45 30 34 33 33
443 10 12 low_rcp_45_2030 45 30 34 33 33
444 11 12 low_rcp_45_2030 45 30 34 33 33
445 12 12 low_rcp_45_2030 55 30 34 33 33
446 13 12 low_rcp_45_2030 55 30 34 33 33
447 14 12 low_rcp_45_2030 55 30 34 33 33
448 15 12 low_rcp_45_2030 55 30 34 33 33
449 16 12 low_rcp_45_2030 55 30 34 33 33
450 17 12 low_rcp_45_2030 55 30 34 33 33
451 18 12 low_rcp_45_2030 55 30 34 33 33
452 19 12 low_rcp_45_2030 55 30 34 33 33
453 20 12 low_rcp_45_2030 55 30 34 33 33
454 21 12 low_rcp_45_2030 55 30 34 33 33
455 22 12 low_rcp_45_2030 55 30 34 33 33
456 23 12 low_rcp_45_2030 55 30 34 33 33
457 24 12 mid_rcp_45_2030 45 30 34 33 33
458 25 12 mid_rcp_45_2030 45 30 34 33 33
459 26 12 mid_rcp_45_2030 45 30 34 33 33
460 27 12 mid_rcp_45_2030 45 30 34 33 33
461 28 12 mid_rcp_45_2030 45 30 34 33 33
462 29 12 mid_rcp_45_2030 45 30 34 33 33
463 30 12 mid_rcp_45_2030 45 30 34 33 33
464 31 12 mid_rcp_45_2030 45 30 34 33 33
465 32 12 mid_rcp_45_2030 45 30 34 33 33
466 33 12 mid_rcp_45_2030 45 30 34 33 33
467 34 12 mid_rcp_45_2030 45 30 34 33 33
468 35 12 mid_rcp_45_2030 45 30 34 33 33
469 0 13 mid_rcp_45_2030 55 30 34 33 33
470 1 13 mid_rcp_45_2030 55 30 34 33 33
471 2 13 mid_rcp_45_2030 55 30 34 33 33
472 3 13 mid_rcp_45_2030 55 30 34 33 33
473 4 13 mid_rcp_45_2030 55 30 34 33 33
474 5 13 mid_rcp_45_2030 55 30 34 33 33
475 6 13 mid_rcp_45_2030 55 30 34 33 33
476 7 13 mid_rcp_45_2030 55 30 34 33 33
477 8 13 mid_rcp_45_2030 55 30 34 33 33
478 9 13 mid_rcp_45_2030 55 30 34 33 33
479 10 13 mid_rcp_45_2030 55 30 34 33 33
480 11 13 mid_rcp_45_2030 55 30 34 33 33
481 12 13 high_rcp_45_2030 45 30 34 33 33
482 13 13 high_rcp_45_2030 45 30 34 33 33
483 14 13 high_rcp_45_2030 45 30 34 33 33
484 15 13 high_rcp_45_2030 45 30 34 33 33
485 16 13 high_rcp_45_2030 45 30 34 33 33
486 17 13 high_rcp_45_2030 45 30 34 33 33
487 18 13 high_rcp_45_2030 45 30 34 33 33
488 19 13 high_rcp_45_2030 45 30 34 33 33
489 20 13 high_rcp_45_2030 45 30 34 33 33
490 21 13 high_rcp_45_2030 45 30 34 33 33
491 22 13 high_rcp_45_2030 45 30 34 33 33
492 23 13 high_rcp_45_2030 45 30 34 33 33
493 24 13 high_rcp_45_2030 55 30 34 33 33
494 25 13 high_rcp_45_2030 55 30 34 33 33
495 26 13 high_rcp_45_2030 55 30 34 33 33
496 27 13 high_rcp_45_2030 55 30 34 33 33
497 28 13 high_rcp_45_2030 55 30 34 33 33
498 29 13 high_rcp_45_2030 55 30 34 33 33
499 30 13 high_rcp_45_2030 55 30 34 33 33
500 31 13 high_rcp_45_2030 55 30 34 33 33
501 32 13 high_rcp_45_2030 55 30 34 33 33
502 33 13 high_rcp_45_2030 55 30 34 33 33
503 34 13 high_rcp_45_2030 55 30 34 33 33
504 35 13 high_rcp_45_2030 55 30 34 33 33
505 0 14 low_rcp_8_2030 45 30 34 33 33
506 1 14 low_rcp_8_2030 45 30 34 33 33
507 2 14 low_rcp_8_2030 45 30 34 33 33
508 3 14 low_rcp_8_2030 45 30 34 33 33
509 4 14 low_rcp_8_2030 45 30 34 33 33
510 5 14 low_rcp_8_2030 45 30 34 33 33
511 6 14 low_rcp_8_2030 45 30 34 33 33
512 7 14 low_rcp_8_2030 45 30 34 33 33
513 8 14 low_rcp_8_2030 45 30 34 33 33
514 9 14 low_rcp_8_2030 45 30 34 33 33
515 10 14 low_rcp_8_2030 45 30 34 33 33
516 11 14 low_rcp_8_2030 45 30 34 33 33
517 12 14 low_rcp_8_2030 55 30 34 33 33
518 13 14 low_rcp_8_2030 55 30 34 33 33
519 14 14 low_rcp_8_2030 55 30 34 33 33
520 15 14 low_rcp_8_2030 55 30 34 33 33
521 16 14 low_rcp_8_2030 55 30 34 33 33
522 17 14 low_rcp_8_2030 55 30 34 33 33
523 18 14 low_rcp_8_2030 55 30 34 33 33
524 19 14 low_rcp_8_2030 55 30 34 33 33
525 20 14 low_rcp_8_2030 55 30 34 33 33
526 21 14 low_rcp_8_2030 55 30 34 33 33
527 22 14 low_rcp_8_2030 55 30 34 33 33
528 23 14 low_rcp_8_2030 55 30 34 33 33
529 24 14 mid_rcp_8_2030 45 30 34 33 33
530 25 14 mid_rcp_8_2030 45 30 34 33 33
531 26 14 mid_rcp_8_2030 45 30 34 33 33
532 27 14 mid_rcp_8_2030 45 30 34 33 33
533 28 14 mid_rcp_8_2030 45 30 34 33 33
534 29 14 mid_rcp_8_2030 45 30 34 33 33
535 30 14 mid_rcp_8_2030 45 30 34 33 33
536 31 14 mid_rcp_8_2030 45 30 34 33 33
537 32 14 mid_rcp_8_2030 45 30 34 33 33
538 33 14 mid_rcp_8_2030 45 30 34 33 33
539 34 14 mid_rcp_8_2030 45 30 34 33 33
540 35 14 mid_rcp_8_2030 45 30 34 33 33
541 0 15 mid_rcp_8_2030 55 30 34 33 33
542 1 15 mid_rcp_8_2030 55 30 34 33 33
543 2 15 mid_rcp_8_2030 55 30 34 33 33
544 3 15 mid_rcp_8_2030 55 30 34 33 33
545 4 15 mid_rcp_8_2030 55 30 34 33 33
546 5 15 mid_rcp_8_2030 55 30 34 33 33
547 6 15 mid_rcp_8_2030 55 30 34 33 33
548 7 15 mid_rcp_8_2030 55 30 34 33 33
549 8 15 mid_rcp_8_2030 55 30 34 33 33
550 9 15 mid_rcp_8_2030 55 30 34 33 33
551 10 15 mid_rcp_8_2030 55 30 34 33 33
552 11 15 mid_rcp_8_2030 55 30 34 33 33
553 12 15 high_rcp_8_2030 45 30 34 33 33
554 13 15 high_rcp_8_2030 45 30 34 33 33
555 14 15 high_rcp_8_2030 45 30 34 33 33
556 15 15 high_rcp_8_2030 45 30 34 33 33
557 16 15 high_rcp_8_2030 45 30 34 33 33
558 17 15 high_rcp_8_2030 45 30 34 33 33
559 18 15 high_rcp_8_2030 45 30 34 33 33
560 19 15 high_rcp_8_2030 45 30 34 33 33
561 20 15 high_rcp_8_2030 45 30 34 33 33
562 21 15 high_rcp_8_2030 45 30 34 33 33
563 22 15 high_rcp_8_2030 45 30 34 33 33
564 23 15 high_rcp_8_2030 45 30 34 33 33
565 24 15 high_rcp_8_2030 55 30 34 33 33
566 25 15 high_rcp_8_2030 55 30 34 33 33
567 26 15 high_rcp_8_2030 55 30 34 33 33
568 27 15 high_rcp_8_2030 55 30 34 33 33
569 28 15 high_rcp_8_2030 55 30 34 33 33
570 29 15 high_rcp_8_2030 55 30 34 33 33
571 30 15 high_rcp_8_2030 55 30 34 33 33
572 31 15 high_rcp_8_2030 55 30 34 33 33
573 32 15 high_rcp_8_2030 55 30 34 33 33
574 33 15 high_rcp_8_2030 55 30 34 33 33
575 34 15 high_rcp_8_2030 55 30 34 33 33
576 35 15 high_rcp_8_2030 55 30 34 33 33
577 0 16 low_rcp_45_2070 45 30 34 33 33
578 1 16 low_rcp_45_2070 45 30 34 33 33
579 2 16 low_rcp_45_2070 45 30 34 33 33
580 3 16 low_rcp_45_2070 45 30 34 33 33
581 4 16 low_rcp_45_2070 45 30 34 33 33
582 5 16 low_rcp_45_2070 45 30 34 33 33
583 6 16 low_rcp_45_2070 45 30 34 33 33
584 7 16 low_rcp_45_2070 45 30 34 33 33
585 8 16 low_rcp_45_2070 45 30 34 33 33
586 9 16 low_rcp_45_2070 45 30 34 33 33
587 10 16 low_rcp_45_2070 45 30 34 33 33
588 11 16 low_rcp_45_2070 45 30 34 33 33
589 12 16 low_rcp_45_2070 55 30 34 33 33
590 13 16 low_rcp_45_2070 55 30 34 33 33
591 14 16 low_rcp_45_2070 55 30 34 33 33
592 15 16 low_rcp_45_2070 55 30 34 33 33
593 16 16 low_rcp_45_2070 55 30 34 33 33
594 17 16 low_rcp_45_2070 55 30 34 33 33
595 18 16 low_rcp_45_2070 55 30 34 33 33
596 19 16 low_rcp_45_2070 55 30 34 33 33
597 20 16 low_rcp_45_2070 55 30 34 33 33
598 21 16 low_rcp_45_2070 55 30 34 33 33
599 22 16 low_rcp_45_2070 55 30 34 33 33
600 23 16 low_rcp_45_2070 55 30 34 33 33
601 24 16 mid_rcp_45_2070 45 30 34 33 33
602 25 16 mid_rcp_45_2070 45 30 34 33 33
603 26 16 mid_rcp_45_2070 45 30 34 33 33
604 27 16 mid_rcp_45_2070 45 30 34 33 33
605 28 16 mid_rcp_45_2070 45 30 34 33 33
606 29 16 mid_rcp_45_2070 45 30 34 33 33
607 30 16 mid_rcp_45_2070 45 30 34 33 33
608 31 16 mid_rcp_45_2070 45 30 34 33 33
609 32 16 mid_rcp_45_2070 45 30 34 33 33
610 33 16 mid_rcp_45_2070 45 30 34 33 33
611 34 16 mid_rcp_45_2070 45 30 34 33 33
612 35 16 mid_rcp_45_2070 45 30 34 33 33
613 0 17 mid_rcp_45_2070 55 30 34 33 33
614 1 17 mid_rcp_45_2070 55 30 34 33 33
615 2 17 mid_rcp_45_2070 55 30 34 33 33
616 3 17 mid_rcp_45_2070 55 30 34 33 33
617 4 17 mid_rcp_45_2070 55 30 34 33 33
618 5 17 mid_rcp_45_2070 55 30 34 33 33
619 6 17 mid_rcp_45_2070 55 30 34 33 33
620 7 17 mid_rcp_45_2070 55 30 34 33 33
621 8 17 mid_rcp_45_2070 55 30 34 33 33
622 9 17 mid_rcp_45_2070 55 30 34 33 33
623 10 17 mid_rcp_45_2070 55 30 34 33 33
624 11 17 mid_rcp_45_2070 55 30 34 33 33
625 12 17 high_rcp_45_2070 45 30 34 33 33
626 13 17 high_rcp_45_2070 45 30 34 33 33
627 14 17 high_rcp_45_2070 45 30 34 33 33
628 15 17 high_rcp_45_2070 45 30 34 33 33
629 16 17 high_rcp_45_2070 45 30 34 33 33
630 17 17 high_rcp_45_2070 45 30 34 33 33
631 18 17 high_rcp_45_2070 45 30 34 33 33
632 19 17 high_rcp_45_2070 45 30 34 33 33
633 20 17 high_rcp_45_2070 45 30 34 33 33
634 21 17 high_rcp_45_2070 45 30 34 33 33
635 22 17 high_rcp_45_2070 45 30 34 33 33
636 23 17 high_rcp_45_2070 45 30 34 33 33
637 24 17 high_rcp_45_2070 55 30 34 33 33
638 25 17 high_rcp_45_2070 55 30 34 33 33
639 26 17 high_rcp_45_2070 55 30 34 33 33
640 27 17 high_rcp_45_2070 55 30 34 33 33
641 28 17 high_rcp_45_2070 55 30 34 33 33
642 29 17 high_rcp_45_2070 55 30 34 33 33
643 30 17 high_rcp_45_2070 55 30 34 33 33
644 31 17 high_rcp_45_2070 55 30 34 33 33
645 32 17 high_rcp_45_2070 55 30 34 33 33
646 33 17 high_rcp_45_2070 55 30 34 33 33
647 34 17 high_rcp_45_2070 55 30 34 33 33
648 35 17 high_rcp_45_2070 55 30 34 33 33
649 0 18 low_rcp_8_2070 45 30 34 33 33
650 1 18 low_rcp_8_2070 45 30 34 33 33
651 2 18 low_rcp_8_2070 45 30 34 33 33
652 3 18 low_rcp_8_2070 45 30 34 33 33
653 4 18 low_rcp_8_2070 45 30 34 33 33
654 5 18 low_rcp_8_2070 45 30 34 33 33
655 6 18 low_rcp_8_2070 45 30 34 33 33
656 7 18 low_rcp_8_2070 45 30 34 33 33
657 8 18 low_rcp_8_2070 45 30 34 33 33
658 9 18 low_rcp_8_2070 45 30 34 33 33
659 10 18 low_rcp_8_2070 45 30 34 33 33
660 11 18 low_rcp_8_2070 45 30 34 33 33
661 12 18 low_rcp_8_2070 55 30 34 33 33
662 13 18 low_rcp_8_2070 55 30 34 33 33
663 14 18 low_rcp_8_2070 55 30 34 33 33
664 15 18 low_rcp_8_2070 55 30 34 33 33
665 16 18 low_rcp_8_2070 55 30 34 33 33
666 17 18 low_rcp_8_2070 55 30 34 33 33
667 18 18 low_rcp_8_2070 55 30 34 33 33
668 19 18 low_rcp_8_2070 55 30 34 33 33
669 20 18 low_rcp_8_2070 55 30 34 33 33
670 21 18 low_rcp_8_2070 55 30 34 33 33
671 22 18 low_rcp_8_2070 55 30 34 33 33
672 23 18 low_rcp_8_2070 55 30 34 33 33
673 24 18 mid_rcp_8_2070 45 30 34 33 33
674 25 18 mid_rcp_8_2070 45 30 34 33 33
675 26 18 mid_rcp_8_2070 45 30 34 33 33
676 27 18 mid_rcp_8_2070 45 30 34 33 33
677 28 18 mid_rcp_8_2070 45 30 34 33 33
678 29 18 mid_rcp_8_2070 45 30 34 33 33
679 30 18 mid_rcp_8_2070 45 30 34 33 33
680 31 18 mid_rcp_8_2070 45 30 34 33 33
681 32 18 mid_rcp_8_2070 45 30 34 33 33
682 33 18 mid_rcp_8_2070 45 30 34 33 33
683 34 18 mid_rcp_8_2070 45 30 34 33 33
684 35 18 mid_rcp_8_2070 45 30 34 33 33
685 0 19 mid_rcp_8_2070 55 30 34 33 33
686 1 19 mid_rcp_8_2070 55 30 34 33 33
687 2 19 mid_rcp_8_2070 55 30 34 33 33
688 3 19 mid_rcp_8_2070 55 30 34 33 33
689 4 19 mid_rcp_8_2070 55 30 34 33 33
690 5 19 mid_rcp_8_2070 55 30 34 33 33
691 6 19 mid_rcp_8_2070 55 30 34 33 33
692 7 19 mid_rcp_8_2070 55 30 34 33 33
693 8 19 mid_rcp_8_2070 55 30 34 33 33
694 9 19 mid_rcp_8_2070 55 30 34 33 33
695 10 19 mid_rcp_8_2070 55 30 34 33 33
696 11 19 mid_rcp_8_2070 55 30 34 33 33
697 12 19 high_rcp_8_2070 45 30 34 33 33
698 13 19 high_rcp_8_2070 45 30 34 33 33
699 14 19 high_rcp_8_2070 45 30 34 33 33
700 15 19 high_rcp_8_2070 45 30 34 33 33
701 16 19 high_rcp_8_2070 45 30 34 33 33
702 17 19 high_rcp_8_2070 45 30 34 33 33
703 18 19 high_rcp_8_2070 45 30 34 33 33
704 19 19 high_rcp_8_2070 45 30 34 33 33
705 20 19 high_rcp_8_2070 45 30 34 33 33
706 21 19 high_rcp_8_2070 45 30 34 33 33
707 22 19 high_rcp_8_2070 45 30 34 33 33
708 23 19 high_rcp_8_2070 45 30 34 33 33
709 24 19 high_rcp_8_2070 55 30 34 33 33
710 25 19 high_rcp_8_2070 55 30 34 33 33
711 26 19 high_rcp_8_2070 55 30 34 33 33
712 27 19 high_rcp_8_2070 55 30 34 33 33
713 28 19 high_rcp_8_2070 55 30 34 33 33
714 29 19 high_rcp_8_2070 55 30 34 33 33
715 30 19 high_rcp_8_2070 55 30 34 33 33
716 31 19 high_rcp_8_2070 55 30 34 33 33
717 32 19 high_rcp_8_2070 55 30 34 33 33
718 33 19 high_rcp_8_2070 55 30 34 33 33
719 34 19 high_rcp_8_2070 55 30 34 33 33
720 35 19 high_rcp_8_2070 55 30 34 33 33
721 0 20 low_hist 45 30 34 33 33
722 1 20 low_hist 45 30 34 33 33
723 2 20 low_hist 45 30 34 33 33
724 3 20 low_hist 45 30 34 33 33
725 4 20 low_hist 45 30 34 33 33
726 5 20 low_hist 45 30 34 33 33
727 6 20 low_hist 45 30 34 33 33
728 7 20 low_hist 45 30 34 33 33
729 8 20 low_hist 45 30 34 33 33
730 9 20 low_hist 45 30 34 33 33
731 10 20 low_hist 45 30 34 33 33
732 11 20 low_hist 45 30 34 33 33
733 12 20 low_hist 55 30 34 33 33
734 13 20 low_hist 55 30 34 33 33
735 14 20 low_hist 55 30 34 33 33
736 15 20 low_hist 55 30 34 33 33
737 16 20 low_hist 55 30 34 33 33
738 17 20 low_hist 55 30 34 33 33
739 18 20 low_hist 55 30 34 33 33
740 19 20 low_hist 55 30 34 33 33
741 20 20 low_hist 55 30 34 33 33
742 21 20 low_hist 55 30 34 33 33
743 22 20 low_hist 55 30 34 33 33
744 23 20 low_hist 55 30 34 33 33
745 24 20 med_hist 45 30 34 33 33
746 25 20 med_hist 45 30 34 33 33
747 26 20 med_hist 45 30 34 33 33
748 27 20 med_hist 45 30 34 33 33
749 28 20 med_hist 45 30 34 33 33
750 29 20 med_hist 45 30 34 33 33
751 30 20 med_hist 45 30 34 33 33
752 31 20 med_hist 45 30 34 33 33
753 32 20 med_hist 45 30 34 33 33
754 33 20 med_hist 45 30 34 33 33
755 34 20 med_hist 45 30 34 33 33
756 35 20 med_hist 45 30 34 33 33
757 0 21 med_hist 55 30 34 33 33
758 1 21 med_hist 55 30 34 33 33
759 2 21 med_hist 55 30 34 33 33
760 3 21 med_hist 55 30 34 33 33
761 4 21 med_hist 55 30 34 33 33
762 5 21 med_hist 55 30 34 33 33
763 6 21 med_hist 55 30 34 33 33
764 7 21 med_hist 55 30 34 33 33
765 8 21 med_hist 55 30 34 33 33
766 9 21 med_hist 55 30 34 33 33
767 10 21 med_hist 55 30 34 33 33
768 11 21 med_hist 55 30 34 33 33
769 12 21 high_hist 45 30 34 33 33
770 13 21 high_hist 45 30 34 33 33
771 14 21 high_hist 45 30 34 33 33
772 15 21 high_hist 45 30 34 33 33
773 16 21 high_hist 45 30 34 33 33
774 17 21 high_hist 45 30 34 33 33
775 18 21 high_hist 45 30 34 33 33
776 19 21 high_hist 45 30 34 33 33
777 20 21 high_hist 45 30 34 33 33
778 21 21 high_hist 45 30 34 33 33
779 22 21 high_hist 45 30 34 33 33
780 23 21 high_hist 45 30 34 33 33
781 24 21 high_hist 55 30 34 33 33
782 25 21 high_hist 55 30 34 33 33
783 26 21 high_hist 55 30 34 33 33
784 27 21 high_hist 55 30 34 33 33
785 28 21 high_hist 55 30 34 33 33
786 29 21 high_hist 55 30 34 33 33
787 30 21 high_hist 55 30 34 33 33
788 31 21 high_hist 55 30 34 33 33
789 32 21 high_hist 55 30 34 33 33
790 33 21 high_hist 55 30 34 33 33
791 34 21 high_hist 55 30 34 33 33
792 35 21 high_hist 55 30 34 33 33
793 0 22 low_rcp_45_2030 45 30 34 33 33
794 1 22 low_rcp_45_2030 45 30 34 33 33
795 2 22 low_rcp_45_2030 45 30 34 33 33
796 3 22 low_rcp_45_2030 45 30 34 33 33
797 4 22 low_rcp_45_2030 45 30 34 33 33
798 5 22 low_rcp_45_2030 45 30 34 33 33
799 6 22 low_rcp_45_2030 45 30 34 33 33
800 7 22 low_rcp_45_2030 45 30 34 33 33
801 8 22 low_rcp_45_2030 45 30 34 33 33
802 9 22 low_rcp_45_2030 45 30 34 33 33
803 10 22 low_rcp_45_2030 45 30 34 33 33
804 11 22 low_rcp_45_2030 45 30 34 33 33
805 12 22 low_rcp_45_2030 55 30 34 33 33
806 13 22 low_rcp_45_2030 55 30 34 33 33
807 14 22 low_rcp_45_2030 55 30 34 33 33
808 15 22 low_rcp_45_2030 55 30 34 33 33
809 16 22 low_rcp_45_2030 55 30 34 33 33
810 17 22 low_rcp_45_2030 55 30 34 33 33
811 18 22 low_rcp_45_2030 55 30 34 33 33
812 19 22 low_rcp_45_2030 55 30 34 33 33
813 20 22 low_rcp_45_2030 55 30 34 33 33
814 21 22 low_rcp_45_2030 55 30 34 33 33
815 22 22 low_rcp_45_2030 55 30 34 33 33
816 23 22 low_rcp_45_2030 55 30 34 33 33
817 24 22 mid_rcp_45_2030 45 30 34 33 33
818 25 22 mid_rcp_45_2030 45 30 34 33 33
819 26 22 mid_rcp_45_2030 45 30 34 33 33
820 27 22 mid_rcp_45_2030 45 30 34 33 33
821 28 22 mid_rcp_45_2030 45 30 34 33 33
822 29 22 mid_rcp_45_2030 45 30 34 33 33
823 30 22 mid_rcp_45_2030 45 30 34 33 33
824 31 22 mid_rcp_45_2030 45 30 34 33 33
825 32 22 mid_rcp_45_2030 45 30 34 33 33
826 33 22 mid_rcp_45_2030 45 30 34 33 33
827 34 22 mid_rcp_45_2030 45 30 34 33 33
828 35 22 mid_rcp_45_2030 45 30 34 33 33
829 0 23 mid_rcp_45_2030 55 30 34 33 33
830 1 23 mid_rcp_45_2030 55 30 34 33 33
831 2 23 mid_rcp_45_2030 55 30 34 33 33
832 3 23 mid_rcp_45_2030 55 30 34 33 33
833 4 23 mid_rcp_45_2030 55 30 34 33 33
834 5 23 mid_rcp_45_2030 55 30 34 33 33
835 6 23 mid_rcp_45_2030 55 30 34 33 33
836 7 23 mid_rcp_45_2030 55 30 34 33 33
837 8 23 mid_rcp_45_2030 55 30 34 33 33
838 9 23 mid_rcp_45_2030 55 30 34 33 33
839 10 23 mid_rcp_45_2030 55 30 34 33 33
840 11 23 mid_rcp_45_2030 55 30 34 33 33
841 12 23 high_rcp_45_2030 45 30 34 33 33
842 13 23 high_rcp_45_2030 45 30 34 33 33
843 14 23 high_rcp_45_2030 45 30 34 33 33
844 15 23 high_rcp_45_2030 45 30 34 33 33
845 16 23 high_rcp_45_2030 45 30 34 33 33
846 17 23 high_rcp_45_2030 45 30 34 33 33
847 18 23 high_rcp_45_2030 45 30 34 33 33
848 19 23 high_rcp_45_2030 45 30 34 33 33
849 20 23 high_rcp_45_2030 45 30 34 33 33
850 21 23 high_rcp_45_2030 45 30 34 33 33
851 22 23 high_rcp_45_2030 45 30 34 33 33
852 23 23 high_rcp_45_2030 45 30 34 33 33
853 24 23 high_rcp_45_2030 55 30 34 33 33
854 25 23 high_rcp_45_2030 55 30 34 33 33
855 26 23 high_rcp_45_2030 55 30 34 33 33
856 27 23 high_rcp_45_2030 55 30 34 33 33
857 28 23 high_rcp_45_2030 55 30 34 33 33
858 29 23 high_rcp_45_2030 55 30 34 33 33
859 30 23 high_rcp_45_2030 55 30 34 33 33
860 31 23 high_rcp_45_2030 55 30 34 33 33
861 32 23 high_rcp_45_2030 55 30 34 33 33
862 33 23 high_rcp_45_2030 55 30 34 33 33
863 34 23 high_rcp_45_2030 55 30 34 33 33
864 35 23 high_rcp_45_2030 55 30 34 33 33
865 0 24 low_rcp_8_2030 45 30 34 33 33
866 1 24 low_rcp_8_2030 45 30 34 33 33
867 2 24 low_rcp_8_2030 45 30 34 33 33
868 3 24 low_rcp_8_2030 45 30 34 33 33
869 4 24 low_rcp_8_2030 45 30 34 33 33
870 5 24 low_rcp_8_2030 45 30 34 33 33
871 6 24 low_rcp_8_2030 45 30 34 33 33
872 7 24 low_rcp_8_2030 45 30 34 33 33
873 8 24 low_rcp_8_2030 45 30 34 33 33
874 9 24 low_rcp_8_2030 45 30 34 33 33
875 10 24 low_rcp_8_2030 45 30 34 33 33
876 11 24 low_rcp_8_2030 45 30 34 33 33
877 12 24 low_rcp_8_2030 55 30 34 33 33
878 13 24 low_rcp_8_2030 55 30 34 33 33
879 14 24 low_rcp_8_2030 55 30 34 33 33
880 15 24 low_rcp_8_2030 55 30 34 33 33
881 16 24 low_rcp_8_2030 55 30 34 33 33
882 17 24 low_rcp_8_2030 55 30 34 33 33
883 18 24 low_rcp_8_2030 55 30 34 33 33
884 19 24 low_rcp_8_2030 55 30 34 33 33
885 20 24 low_rcp_8_2030 55 30 34 33 33
886 21 24 low_rcp_8_2030 55 30 34 33 33
887 22 24 low_rcp_8_2030 55 30 34 33 33
888 23 24 low_rcp_8_2030 55 30 34 33 33
889 24 24 mid_rcp_8_2030 45 30 34 33 33
890 25 24 mid_rcp_8_2030 45 30 34 33 33
891 26 24 mid_rcp_8_2030 45 30 34 33 33
892 27 24 mid_rcp_8_2030 45 30 34 33 33
893 28 24 mid_rcp_8_2030 45 30 34 33 33
894 29 24 mid_rcp_8_2030 45 30 34 33 33
895 30 24 mid_rcp_8_2030 45 30 34 33 33
896 31 24 mid_rcp_8_2030 45 30 34 33 33
897 32 24 mid_rcp_8_2030 45 30 34 33 33
898 33 24 mid_rcp_8_2030 45 30 34 33 33
899 34 24 mid_rcp_8_2030 45 30 34 33 33
900 35 24 mid_rcp_8_2030 45 30 34 33 33
901 0 25 mid_rcp_8_2030 55 30 34 33 33
902 1 25 mid_rcp_8_2030 55 30 34 33 33
903 2 25 mid_rcp_8_2030 55 30 34 33 33
904 3 25 mid_rcp_8_2030 55 30 34 33 33
905 4 25 mid_rcp_8_2030 55 30 34 33 33
906 5 25 mid_rcp_8_2030 55 30 34 33 33
907 6 25 mid_rcp_8_2030 55 30 34 33 33
908 7 25 mid_rcp_8_2030 55 30 34 33 33
909 8 25 mid_rcp_8_2030 55 30 34 33 33
910 9 25 mid_rcp_8_2030 55 30 34 33 33
911 10 25 mid_rcp_8_2030 55 30 34 33 33
912 11 25 mid_rcp_8_2030 55 30 34 33 33
913 12 25 high_rcp_8_2030 45 30 34 33 33
914 13 25 high_rcp_8_2030 45 30 34 33 33
915 14 25 high_rcp_8_2030 45 30 34 33 33
916 15 25 high_rcp_8_2030 45 30 34 33 33
917 16 25 high_rcp_8_2030 45 30 34 33 33
918 17 25 high_rcp_8_2030 45 30 34 33 33
919 18 25 high_rcp_8_2030 45 30 34 33 33
920 19 25 high_rcp_8_2030 45 30 34 33 33
921 20 25 high_rcp_8_2030 45 30 34 33 33
922 21 25 high_rcp_8_2030 45 30 34 33 33
923 22 25 high_rcp_8_2030 45 30 34 33 33
924 23 25 high_rcp_8_2030 45 30 34 33 33
925 24 25 high_rcp_8_2030 55 30 34 33 33
926 25 25 high_rcp_8_2030 55 30 34 33 33
927 26 25 high_rcp_8_2030 55 30 34 33 33
928 27 25 high_rcp_8_2030 55 30 34 33 33
929 28 25 high_rcp_8_2030 55 30 34 33 33
930 29 25 high_rcp_8_2030 55 30 34 33 33
931 30 25 high_rcp_8_2030 55 30 34 33 33
932 31 25 high_rcp_8_2030 55 30 34 33 33
933 32 25 high_rcp_8_2030 55 30 34 33 33
934 33 25 high_rcp_8_2030 55 30 34 33 33
935 34 25 high_rcp_8_2030 55 30 34 33 33
936 35 25 high_rcp_8_2030 55 30 34 33 33
937 0 26 low_rcp_45_2070 45 30 34 33 33
938 1 26 low_rcp_45_2070 45 30 34 33 33
939 2 26 low_rcp_45_2070 45 30 34 33 33
940 3 26 low_rcp_45_2070 45 30 34 33 33
941 4 26 low_rcp_45_2070 45 30 34 33 33
942 5 26 low_rcp_45_2070 45 30 34 33 33
943 6 26 low_rcp_45_2070 45 30 34 33 33
944 7 26 low_rcp_45_2070 45 30 34 33 33
945 8 26 low_rcp_45_2070 45 30 34 33 33
946 9 26 low_rcp_45_2070 45 30 34 33 33
947 10 26 low_rcp_45_2070 45 30 34 33 33
948 11 26 low_rcp_45_2070 45 30 34 33 33
949 12 26 low_rcp_45_2070 55 30 34 33 33
950 13 26 low_rcp_45_2070 55 30 34 33 33
951 14 26 low_rcp_45_2070 55 30 34 33 33
952 15 26 low_rcp_45_2070 55 30 34 33 33
953 16 26 low_rcp_45_2070 55 30 34 33 33
954 17 26 low_rcp_45_2070 55 30 34 33 33
955 18 26 low_rcp_45_2070 55 30 34 33 33
956 19 26 low_rcp_45_2070 55 30 34 33 33
957 20 26 low_rcp_45_2070 55 30 34 33 33
958 21 26 low_rcp_45_2070 55 30 34 33 33
959 22 26 low_rcp_45_2070 55 30 34 33 33
960 23 26 low_rcp_45_2070 55 30 34 33 33
961 24 26 mid_rcp_45_2070 45 30 34 33 33
962 25 26 mid_rcp_45_2070 45 30 34 33 33
963 26 26 mid_rcp_45_2070 45 30 34 33 33
964 27 26 mid_rcp_45_2070 45 30 34 33 33
965 28 26 mid_rcp_45_2070 45 30 34 33 33
966 29 26 mid_rcp_45_2070 45 30 34 33 33
967 30 26 mid_rcp_45_2070 45 30 34 33 33
968 31 26 mid_rcp_45_2070 45 30 34 33 33
969 32 26 mid_rcp_45_2070 45 30 34 33 33
970 33 26 mid_rcp_45_2070 45 30 34 33 33
971 34 26 mid_rcp_45_2070 45 30 34 33 33
972 35 26 mid_rcp_45_2070 45 30 34 33 33
973 0 27 mid_rcp_45_2070 55 30 34 33 33
974 1 27 mid_rcp_45_2070 55 30 34 33 33
975 2 27 mid_rcp_45_2070 55 30 34 33 33
976 3 27 mid_rcp_45_2070 55 30 34 33 33
977 4 27 mid_rcp_45_2070 55 30 34 33 33
978 5 27 mid_rcp_45_2070 55 30 34 33 33
979 6 27 mid_rcp_45_2070 55 30 34 33 33
980 7 27 mid_rcp_45_2070 55 30 34 33 33
981 8 27 mid_rcp_45_2070 55 30 34 33 33
982 9 27 mid_rcp_45_2070 55 30 34 33 33
983 10 27 mid_rcp_45_2070 55 30 34 33 33
984 11 27 mid_rcp_45_2070 55 30 34 33 33
985 12 27 high_rcp_45_2070 45 30 34 33 33
986 13 27 high_rcp_45_2070 45 30 34 33 33
987 14 27 high_rcp_45_2070 45 30 34 33 33
988 15 27 high_rcp_45_2070 45 30 34 33 33
989 16 27 high_rcp_45_2070 45 30 34 33 33
990 17 27 high_rcp_45_2070 45 30 34 33 33
991 18 27 high_rcp_45_2070 45 30 34 33 33
992 19 27 high_rcp_45_2070 45 30 34 33 33
993 20 27 high_rcp_45_2070 45 30 34 33 33
994 21 27 high_rcp_45_2070 45 30 34 33 33
995 22 27 high_rcp_45_2070 45 30 34 33 33
996 23 27 high_rcp_45_2070 45 30 34 33 33
997 24 27 high_rcp_45_2070 55 30 34 33 33
998 25 27 high_rcp_45_2070 55 30 34 33 33
999 26 27 high_rcp_45_2070 55 30 34 33 33
1000 27 27 high_rcp_45_2070 55 30 34 33 33
1001 28 27 high_rcp_45_2070 55 30 34 33 33
1002 29 27 high_rcp_45_2070 55 30 34 33 33
1003 30 27 high_rcp_45_2070 55 30 34 33 33
1004 31 27 high_rcp_45_2070 55 30 34 33 33
1005 32 27 high_rcp_45_2070 55 30 34 33 33
1006 33 27 high_rcp_45_2070 55 30 34 33 33
1007 34 27 high_rcp_45_2070 55 30 34 33 33
1008 35 27 high_rcp_45_2070 55 30 34 33 33
1009 0 28 low_rcp_8_2070 45 30 34 33 33
1010 1 28 low_rcp_8_2070 45 30 34 33 33
1011 2 28 low_rcp_8_2070 45 30 34 33 33
1012 3 28 low_rcp_8_2070 45 30 34 33 33
1013 4 28 low_rcp_8_2070 45 30 34 33 33
1014 5 28 low_rcp_8_2070 45 30 34 33 33
1015 6 28 low_rcp_8_2070 45 30 34 33 33
1016 7 28 low_rcp_8_2070 45 30 34 33 33
1017 8 28 low_rcp_8_2070 45 30 34 33 33
1018 9 28 low_rcp_8_2070 45 30 34 33 33
1019 10 28 low_rcp_8_2070 45 30 34 33 33
1020 11 28 low_rcp_8_2070 45 30 34 33 33
1021 12 28 low_rcp_8_2070 55 30 34 33 33
1022 13 28 low_rcp_8_2070 55 30 34 33 33
1023 14 28 low_rcp_8_2070 55 30 34 33 33
1024 15 28 low_rcp_8_2070 55 30 34 33 33
1025 16 28 low_rcp_8_2070 55 30 34 33 33
1026 17 28 low_rcp_8_2070 55 30 34 33 33
1027 18 28 low_rcp_8_2070 55 30 34 33 33
1028 19 28 low_rcp_8_2070 55 30 34 33 33
1029 20 28 low_rcp_8_2070 55 30 34 33 33
1030 21 28 low_rcp_8_2070 55 30 34 33 33
1031 22 28 low_rcp_8_2070 55 30 34 33 33
1032 23 28 low_rcp_8_2070 55 30 34 33 33
1033 24 28 mid_rcp_8_2070 45 30 34 33 33
1034 25 28 mid_rcp_8_2070 45 30 34 33 33
1035 26 28 mid_rcp_8_2070 45 30 34 33 33
1036 27 28 mid_rcp_8_2070 45 30 34 33 33
1037 28 28 mid_rcp_8_2070 45 30 34 33 33
1038 29 28 mid_rcp_8_2070 45 30 34 33 33
1039 30 28 mid_rcp_8_2070 45 30 34 33 33
1040 31 28 mid_rcp_8_2070 45 30 34 33 33
1041 32 28 mid_rcp_8_2070 45 30 34 33 33
1042 33 28 mid_rcp_8_2070 45 30 34 33 33
1043 34 28 mid_rcp_8_2070 45 30 34 33 33
1044 35 28 mid_rcp_8_2070 45 30 34 33 33
1045 0 29 mid_rcp_8_2070 55 30 34 33 33
1046 1 29 mid_rcp_8_2070 55 30 34 33 33
1047 2 29 mid_rcp_8_2070 55 30 34 33 33
1048 3 29 mid_rcp_8_2070 55 30 34 33 33
1049 4 29 mid_rcp_8_2070 55 30 34 33 33
1050 5 29 mid_rcp_8_2070 55 30 34 33 33
1051 6 29 mid_rcp_8_2070 55 30 34 33 33
1052 7 29 mid_rcp_8_2070 55 30 34 33 33
1053 8 29 mid_rcp_8_2070 55 30 34 33 33
1054 9 29 mid_rcp_8_2070 55 30 34 33 33
1055 10 29 mid_rcp_8_2070 55 30 34 33 33
1056 11 29 mid_rcp_8_2070 55 30 34 33 33
1057 12 29 high_rcp_8_2070 45 30 34 33 33
1058 13 29 high_rcp_8_2070 45 30 34 33 33
1059 14 29 high_rcp_8_2070 45 30 34 33 33
1060 15 29 high_rcp_8_2070 45 30 34 33 33
1061 16 29 high_rcp_8_2070 45 30 34 33 33
1062 17 29 high_rcp_8_2070 45 30 34 33 33
1063 18 29 high_rcp_8_2070 45 30 34 33 33
1064 19 29 high_rcp_8_2070 45 30 34 33 33
1065 20 29 high_rcp_8_2070 45 30 34 33 33
1066 21 29 high_rcp_8_2070 45 30 34 33 33
1067 22 29 high_rcp_8_2070 45 30 34 33 33
1068 23 29 high_rcp_8_2070 45 30 34 33 33
1069 24 29 high_rcp_8_2070 55 30 34 33 33
1070 25 29 high_rcp_8_2070 55 30 34 33 33
1071 26 29 high_rcp_8_2070 55 30 34 33 33
1072 27 29 high_rcp_8_2070 55 30 34 33 33
1073 28 29 high_rcp_8_2070 55 30 34 33 33
1074 29 29 high_rcp_8_2070 55 30 34 33 33
1075 30 29 high_rcp_8_2070 55 30 34 33 33
1076 31 29 high_rcp_8_2070 55 30 34 33 33
1077 32 29 high_rcp_8_2070 55 30 34 33 33
1078 33 29 high_rcp_8_2070 55 30 34 33 33
1079 34 29 high_rcp_8_2070 55 30 34 33 33
1080 35 29 high_rcp_8_2070 55 30 34 33 33
