"rid"	"temp.short"	"temp.long"	"prec.short"	"prec.long"	"potential.short"	"potential.long"	"content.short"	"content.long"	"replicate"
"1"	1	12.335589734767	12.4315272999629	349.333333333333	362.986206896552	-0.452535143340616	-0.326433409199566	27.0290057896647	28.812447196059	6
"2"	5	12.335589734767	12.4315272999629	349.333333333333	362.986206896552	-0.388397755096128	-0.2695895296888	44.5488009197552	47.3350572032282	6
"3"	9	10.8240244444444	10.8503138064516	876.4	837.513793103448	-0.240327421055679	-0.23308532416963	33.2415369238502	33.1139878755083	6
"4"	13	10.8240244444444	10.8503138064516	876.4	837.513793103448	-0.199012154107808	-0.185785307749112	52.7159202524927	52.4974125276611	6
"5"	17	8.96815707526882	9.01557543789396	1221.13333333333	1155.73103448276	-0.0758763633600718	-0.0835714669428482	37.9517702940514	37.6872184029317	6
"6"	21	8.96815707526882	9.01557543789396	1221.13333333333	1155.73103448276	-0.0398237204161402	-0.0575494168508227	59.0337567430639	58.5252364858571	6
"7"	25	15.9436015483871	14.7048544857249	377.966666666667	417.3	-0.442491897742326	-0.362584061809248	26.9391375250599	28.8899472125267	6
"8"	29	15.9436015483871	14.7048544857249	377.966666666667	417.3	-0.343629664552267	-0.306359028177931	45.6064299197749	47.1694619098924	6
"9"	33	14.3718748387097	13.1259048201706	981.3	1004.51724137931	-0.330306069721131	-0.266910584470469	31.3281972472917	33.0201725693911	6
"10"	37	14.3718748387097	13.1259048201706	981.3	1004.51724137931	-0.278898272282702	-0.230332651963002	50.5379469338278	52.323446663821	6
"11"	41	12.5313212903226	11.2781108401928	1374.36666666667	1396.9275862069	-0.230351898441869	-0.113345211517639	34.6908527864783	37.1850711164805	6
"12"	45	12.5313212903226	11.2781108401928	1374.36666666667	1396.9275862069	-0.186251284860115	-0.0903129201236454	54.5844631304334	57.7303353665888	6
"13"	49	14.3000006738351	14.8854390893585	528.366666666667	435.679310344828	-0.145187915932236	-0.339497598697594	33.7021028044612	28.9020789255423	6
"14"	53	14.3000006738351	14.8854390893585	528.366666666667	435.679310344828	-0.0867095664054706	-0.274585650847686	54.1280305629304	47.2080289288558	6
"15"	57	12.65878	13.340580011865	1120.5	987.6	-0.167387418319961	-0.287124158068772	34.7447231045827	32.0981285606356	6
"16"	61	12.65878	13.340580011865	1120.5	987.6	-0.101991240298485	-0.228240703776019	55.0649376535898	51.1418158562347	6
"17"	65	10.8181782795699	11.5180120934372	1528.33333333333	1357.76206896552	-0.0552727038660837	-0.102770874169814	38.9901248598764	36.5379682731748	6
"18"	69	10.8181782795699	11.5180120934372	1528.33333333333	1357.76206896552	-0.0318373681606212	-0.0679673311869154	60.2184320380992	57.0471229276263	6
"19"	73	15.502215125448	15.5513884212088	405.433333333333	437.072413793103	-0.32872949160413	-0.391844883398938	31.0953752648946	28.9741177303726	6
"20"	77	15.502215125448	15.5513884212088	405.433333333333	437.072413793103	-0.269503899842439	-0.344134437177577	50.3901184193309	46.9938069195767	6
"21"	81	13.9420182222222	14.056284916574	979.4	1032.44827586207	-0.319044129178116	-0.333039715247394	32.1666316658407	31.8031489873672	6
"22"	85	13.9420182222222	14.056284916574	979.4	1032.44827586207	-0.260470161728009	-0.282864510513846	51.3549352886099	50.5851520657675	6
"23"	89	12.1003376344086	12.2315222202447	1332.76666666667	1413.7275862069	-0.182240169016568	-0.141970424755462	35.6330093156305	36.0301651287339	6
"24"	93	12.1003376344086	12.2315222202447	1332.76666666667	1413.7275862069	-0.132492659122204	-0.117904651142179	55.9367352741798	56.1859999973448	6
"25"	97	16.6435244587814	17.1747834972191	483.533333333333	464.565517241379	-0.256954710687164	-0.457311908530515	30.6843882222834	27.6971508696513	6
"26"	101	16.6435244587814	17.1747834972191	483.533333333333	464.565517241379	-0.205300825374159	-0.394122987755731	49.8617742795186	45.2117767796473	6
"27"	105	15.1136502222222	15.7496455498702	1028.03333333333	1087.54827586207	-0.18703577355583	-0.422858315430016	33.4027036351953	30.3338466651203	6
"28"	109	15.1136502222222	15.7496455498702	1028.03333333333	1087.54827586207	-0.122310428421223	-0.404127782042736	53.3927555582585	48.0531136517156	6
"29"	113	13.2582327311828	13.9718623967371	1424.5	1462.47931034483	-0.103453133607517	-0.338765485173465	35.6157130925868	32.4045232028201	6
"30"	117	13.2582327311828	13.9718623967371	1424.5	1462.47931034483	-0.0719967984983325	-0.314477441746914	56.5583943860328	51.1282364391854	6
"31"	2	12.4609307240143	12.4581248809789	337.633333333333	371.786206896552	-0.3621803096455	-0.351069394144737	27.4663114083042	28.2896113451099	6
"32"	6	12.4609307240143	12.4581248809789	337.633333333333	371.786206896552	-0.310119507961935	-0.292626337535124	44.8179462741979	46.3412623085995	6
"33"	10	11.0031145089606	10.8444548802373	804.4	871.768965517241	-0.196228973585478	-0.22903396884642	33.3541540584931	33.1680911037139	6
"34"	14	11.0031145089606	10.8444548802373	804.4	871.768965517241	-0.143347000111703	-0.176814920176915	52.3349272564995	52.5110021151707	6
"35"	18	9.22017913978495	9.01223515313311	1102.7	1214.32068965517	-0.0390597105430381	-0.0647068374477622	38.9352597598749	38.2088252407619	6
"36"	22	9.22017913978495	9.01223515313311	1102.7	1214.32068965517	-0.0255924204129893	-0.0440215743780367	60.1411816890088	59.2255474107575	6
"37"	26	14.7942451469534	14.6178860926956	468.866666666667	419.479310344828	-0.211243179542276	-0.364673054739968	31.8638944538416	28.9210621077476	6
"38"	30	14.7942451469534	14.6178860926956	468.866666666667	419.479310344828	-0.142716375417617	-0.329939795237282	52.1008586525512	46.7762957490537	6
"39"	34	13.2587178351254	13.0419924063775	970.933333333333	988.1	-0.221282849262938	-0.270211726683039	33.7990557909775	32.8655733427991	6
"40"	38	13.2587178351254	13.0419924063775	970.933333333333	988.1	-0.149316141295097	-0.229694523906697	53.9511408627018	52.1442647962266	6
"41"	42	11.3544004731183	11.1865631101224	1378.63333333333	1375.06896551724	-0.161309728702376	-0.110014643058127	35.8653837355627	37.0814170084941	6
"42"	46	11.3544004731183	11.1865631101224	1378.63333333333	1375.06896551724	-0.106940773773533	-0.0763656229893561	56.4677073863839	57.9246791544408	6
"43"	50	16.1243527885305	14.8246043959956	406.433333333333	426.413793103448	-0.324893472693948	-0.376203407879767	28.3223697038103	28.6063206937437	6
"44"	54	16.1243527885305	14.8246043959956	406.433333333333	426.413793103448	-0.240417408343144	-0.317913852597286	47.0578159870231	46.7775069214533	6
"45"	58	14.6604569318996	13.3121241497961	977.833333333333	972.168965517241	-0.339073473675229	-0.293530008995426	30.5889381745922	32.0605190616645	6
"46"	62	14.6604569318996	13.3121241497961	977.833333333333	972.168965517241	-0.267020107975974	-0.232717621783638	49.4319468243657	51.0693546154051	6
"47"	66	12.8737891612903	11.499352870597	1363.6	1330.8	-0.0939662048968282	-0.137647454909589	36.1857304754598	36.0231352449203	6
"48"	70	12.8737891612903	11.499352870597	1363.6	1330.8	-0.0541587354928342	-0.142310237300366	57.2150343419209	55.7607244389218	6
"49"	74	14.6803413189964	15.7265283470523	500	421.986206896552	-0.270544516431565	-0.443673616323463	30.762680397235	27.9415732511053	6
"50"	78	14.6803413189964	15.7265283470523	500	421.986206896552	-0.20983163677401	-0.393402766399096	49.6543250633263	45.2498037863325	6
"51"	82	13.1986404731183	14.2515189959214	1153.33333333333	1005.39310344828	-0.253783534670687	-0.368843714489269	32.5728844662308	31.3581040033282	6
"52"	86	13.1986404731183	14.2515189959214	1153.33333333333	1005.39310344828	-0.200357885099573	-0.293412310476223	51.6403827052608	50.1178459401882	6
"53"	90	11.3476866666667	12.4482396781609	1561.96666666667	1382.31379310345	-0.0802191261964953	-0.194309799203086	36.7555668083985	35.230525525692	6
"54"	94	11.3476866666667	12.4482396781609	1561.96666666667	1382.31379310345	-0.035786874250433	-0.181161441128803	58.0220897523714	55.0332161908646	6
"55"	98	18.6894644157706	17.1284234186133	408.8	459.686206896552	-0.536126377859183	-0.485988524069314	25.7440623467886	27.1948271847151	6
"56"	102	18.6894644157706	17.1284234186133	408.8	459.686206896552	-0.460791720308756	-0.474723254711099	42.725682813849	43.8095285968194	6
"57"	106	17.2541899784946	15.7035779325176	979.7	1085.13448275862	-0.463632891340885	-0.477051960555584	28.402541141784	29.8760705249667	6
"58"	110	17.2541899784946	15.7035779325176	979.7	1085.13448275862	-0.383021167314527	-0.454968232316033	46.3865893847117	47.5424103917042	6
"59"	114	15.4973343942652	13.9212375157582	1298.66666666667	1466.34482758621	-0.39356300523423	-0.338311708726412	29.4839625892528	32.6669546157467	6
"60"	118	15.4973343942652	13.9212375157582	1298.66666666667	1466.34482758621	-0.328949586337881	-0.381388817786321	47.4602322352042	50.3643905406159	6
"61"	3	13.0872861075269	11.7594833177605	421.433333333333	406.513793103448	-0.180993982321233	-0.240886873995547	31.9707969647663	31.2259126326566	6
"62"	7	13.0872861075269	11.7594833177605	421.433333333333	406.513793103448	-0.0967228940704718	-0.168178026685937	52.4604008313547	50.6296072416956	6
"63"	11	11.5200077706093	10.1919635609937	963.8	920.8	-0.107411587331322	-0.138723623139335	35.610817992816	35.1816485979499	6
"64"	15	11.5200077706093	10.1919635609937	963.8	920.8	-0.0449862054267003	-0.0780518572631981	56.6874998498284	55.6882716660005	6
"65"	19	9.70244205017921	8.33980092992214	1268.2	1253.17586206897	-0.045037505153681	-0.0411864977945623	38.1237284202673	38.9708439299219	6
"66"	23	9.70244205017921	8.33980092992214	1268.2	1253.17586206897	-0.0255963541646141	-0.0268331783624471	59.3916074286334	60.1903964304435	6
"67"	27	14.2733715555556	14.2001433340749	422.3	435.441379310345	-0.296619327599076	-0.293665042696851	29.8991058147647	30.1390762819036	6
"68"	31	14.2733715555556	14.2001433340749	422.3	435.441379310345	-0.194679101070981	-0.219196380762943	49.2091227889588	49.3878280751204	6
"69"	35	12.7385216487455	12.6803441957731	947.833333333333	983.48275862069	-0.261949311737282	-0.242404301725813	32.7342160236326	33.3476442035817	6
"70"	39	12.7385216487455	12.6803441957731	947.833333333333	983.48275862069	-0.177444586464833	-0.178910178440905	52.6506975879244	53.1847686361363	6
"71"	43	10.9565158996416	10.85012210901	1232.23333333333	1350.26896551724	-0.113521823856919	-0.101345102941419	36.2284842196433	36.881272309598	6
"72"	47	10.9565158996416	10.85012210901	1232.23333333333	1350.26896551724	-0.065374940902767	-0.0675799166675351	56.9768517902422	57.6171795529141	6
"73"	51	14.4385846738351	14.8642785539488	425.866666666667	417.996551724138	-0.336552720725814	-0.370368876978358	28.7596036799509	28.9737458812378	6
"74"	55	14.4385846738351	14.8642785539488	425.866666666667	417.996551724138	-0.29254564761735	-0.320631346882976	47.213407910637	47.3056598809036	6
"75"	59	13.0684613333333	13.3091023522432	1019.56666666667	981.058620689655	-0.24449251816956	-0.299002279717873	32.0086541507161	32.4629832141711	6
"76"	63	13.0684613333333	13.3091023522432	1019.56666666667	981.058620689655	-0.162513163067506	-0.247889462724218	52.1578951575186	51.7013565902611	6
"77"	67	11.2593703082437	11.454760870597	1388.36666666667	1355.37931034483	-0.083977771862639	-0.122148721331488	36.5566255838904	36.6465801721124	6
"78"	71	11.2593703082437	11.454760870597	1388.36666666667	1355.37931034483	-0.0601463855899166	-0.0937568366941356	57.3531433766674	57.0410330856865	6
"79"	75	15.648158953405	15.0388830982573	476.9	459.841379310345	-0.322309013192072	-0.342129411716804	30.0439408468716	29.8869104735639	6
"80"	79	15.648158953405	15.0388830982573	476.9	459.841379310345	-0.222554123437818	-0.289611614610858	49.3586682371707	48.3356679899111	6
"81"	83	14.076100516129	13.5380520074156	1080.53333333333	1049.11379310345	-0.291190114647877	-0.302016379916116	32.8111117506616	32.483506444438	6
"82"	87	14.076100516129	13.5380520074156	1080.53333333333	1049.11379310345	-0.227212251850558	-0.257778515977771	52.1566180391984	51.517829801296	6
"83"	91	12.2403248315412	11.7225148846867	1484.46666666667	1439.20689655172	-0.220777770819483	-0.164281698456554	34.4573536329341	35.9642266165569	6
"84"	95	12.2403248315412	11.7225148846867	1484.46666666667	1439.20689655172	-0.164430723230144	-0.113776295371597	54.4195906084392	56.382308282172	6
"85"	99	17.1368186666667	17.5330553830182	515.033333333333	444.313793103448	-0.283369258988144	-0.566685794103568	30.0233094064722	25.6652638148537	6
"86"	103	17.1368186666667	17.5330553830182	515.033333333333	444.313793103448	-0.230762572438105	-0.52315689872935	48.6692845580398	41.9204434335082	6
"87"	107	15.6681675698925	16.0821245873192	1222.83333333333	1069.88275862069	-0.234301892658289	-0.482765756852374	32.5424531301661	29.4603540420149	6
"88"	111	15.6681675698925	16.0821245873192	1222.83333333333	1069.88275862069	-0.179109326844984	-0.434217243660666	51.8340575556092	47.3584596275814	6
"89"	115	13.8045137634409	14.268937845013	1607.23333333333	1435.34827586207	-0.171071486962901	-0.388312061375867	34.4362882370302	31.6288551133552	6
"90"	119	13.8045137634409	14.268937845013	1607.23333333333	1435.34827586207	-0.110607103685847	-0.371164682931551	54.6775922521719	49.9624202234647	6
"91"	4	11.991704	12.1267126125324	405.8	388.931034482759	-0.169037544961253	-0.247979363439684	32.5096682930787	30.9520104183439	6
"92"	8	11.991704	12.1267126125324	405.8	388.931034482759	-0.112103321535795	-0.17513386997228	52.7158958605778	50.3699714673256	6
"93"	12	10.4767603870968	10.5556331776047	903.466666666667	890.493103448276	-0.140591533696442	-0.165337201522666	33.8941170114607	34.5511872744067	6
"94"	16	10.4767603870968	10.5556331776047	903.466666666667	890.493103448276	-0.0625320993450857	-0.107034091696632	54.5222015003169	54.866077178407	6
"95"	20	8.64116546236559	8.69856146236559	1236.23333333333	1217.80689655172	-0.0204565754934409	-0.0545822657781852	39.2037095516121	38.4058924265082	6
"96"	24	8.64116546236559	8.69856146236559	1236.23333333333	1217.80689655172	-0.0183433626918086	-0.0369958270760487	60.5527487439147	59.4270081334479	6
"97"	28	14.2632087598566	14.1562849239896	421.2	431.934482758621	-0.293850036749574	-0.330765395683037	29.3992629472738	29.6553054998751	6
"98"	32	14.2632087598566	14.1562849239896	421.2	431.934482758621	-0.233245820797998	-0.29961173103796	48.5956618522229	47.673100499293	6
"99"	36	12.8047448888889	12.6183998205413	1018.26666666667	1003.14137931034	-0.178617852944153	-0.238197261304337	33.7283967601477	33.6500809585954	6
"100"	40	12.8047448888889	12.6183998205413	1018.26666666667	1003.14137931034	-0.132281490901283	-0.208618890073526	53.6874715523532	53.0018430591203	6
"101"	44	10.9638287885305	10.789263954023	1424.56666666667	1383.49310344828	-0.0319471215279473	-0.0918087945642405	37.9773812163041	37.4910844583764	6
"102"	48	10.9638287885305	10.789263954023	1424.56666666667	1383.49310344828	-0.0226333315531963	-0.0597129485789226	59.3370070049797	58.3183666235751	6
"103"	52	15.6557205304659	14.883466693363	361.266666666667	418.620689655172	-0.400839265576821	-0.391606151384224	26.8956218328495	28.4812488920886	6
"104"	56	15.6557205304659	14.883466693363	361.266666666667	418.620689655172	-0.337294517460056	-0.326611731356643	44.4043230091658	46.6117463778119	6
"105"	60	14.2207437275986	13.3269253956248	851.433333333333	982.531034482759	-0.23373687552347	-0.295257782318846	32.8397758557931	32.4022600834622	6
"106"	64	14.2207437275986	13.3269253956248	851.433333333333	982.531034482759	-0.198583411840606	-0.258761812275461	51.4480775196622	51.1942211431749	6
"107"	68	12.4174112258065	11.4774050589544	1190.86666666667	1361.71724137931	-0.0685602699285464	-0.117276631632594	36.7984229555343	36.7845141143578	6
"108"	72	12.4174112258065	11.4774050589544	1190.86666666667	1361.71724137931	-0.0323941865155607	-0.129762972437564	57.9184820285246	56.5573050914453	6
"109"	76	16.0640026953405	15.3426671842788	527.133333333333	453.237931034483	-0.131499464879279	-0.368826682453383	33.5161458277937	29.917732854684	6
"110"	80	16.0640026953405	15.3426671842788	527.133333333333	453.237931034483	-0.0994155460898313	-0.309234256998872	53.978563814961	48.4358266950836	6
"111"	84	14.5988468530466	13.8621158012607	1073.36666666667	1030.95862068966	-0.181260219979111	-0.329073177314097	34.4082032833792	32.3361275386862	6
"112"	88	14.5988468530466	13.8621158012607	1073.36666666667	1030.95862068966	-0.139747488470288	-0.259621621897019	54.7189413151945	51.5412991620047	6
"113"	92	12.8233314265233	12.0526722135706	1435.43333333333	1426.75517241379	-0.146314995173814	-0.184838025339358	35.6002123086049	35.5729934297531	6
"114"	96	12.8233314265233	12.0526722135706	1435.43333333333	1426.75517241379	-0.116777967309597	-0.14356791913049	55.8778198531748	55.6889898421947	6
"115"	100	16.7948615053763	17.2242816225436	521.566666666667	472.358620689655	-0.389378496029512	-0.513150417649952	28.3702147029471	27.1736443208695	6
"116"	104	16.7948615053763	17.2242816225436	521.566666666667	472.358620689655	-0.294465696512778	-0.544298157980081	46.571421793714	42.7887342228248	6
"117"	108	15.3992511111111	15.7776882254357	1204.06666666667	1132.37931034483	-0.346518547801104	-0.474379428821868	30.7886676175959	30.124209852747	6
"118"	112	15.3992511111111	15.7776882254357	1204.06666666667	1132.37931034483	-0.276107804955782	-0.482694250360619	49.693724417941	47.3643441755196	6
"119"	116	13.6173937491039	13.980744710419	1597.9	1524.93103448276	-0.31755153366886	-0.422193009602592	31.9883887431055	31.6786157979391	6
"120"	120	13.6173937491039	13.980744710419	1597.9	1524.93103448276	-0.244734365427051	-0.414957105495847	51.1933626157794	49.7997148867243	6
