"rid"	"temp.short"	"temp.long"	"prec.short"	"prec.long"	"potential.short"	"potential.long"	"content.short"	"content.long"	"replicate"
"1"	1	11.1909916415771	11.6085733659622	397.4	390.941379310345	-0.12341343383249	-0.26036108173917	34.2238921514548	30.6811256237574	18
"2"	5	11.1909916415771	11.6085733659622	397.4	390.941379310345	-0.072768483353409	-0.208207818022597	54.4565271669399	49.6746790424914	18
"3"	9	9.57170160573477	10.0323469351131	837.1	883.820689655172	-0.0766430267489646	-0.158118452577039	36.4821435580159	34.7981614429868	18
"4"	13	9.57170160573477	10.0323469351131	837.1	883.820689655172	-0.0437515038085199	-0.115226538106296	57.597246306859	55.0075612473168	18
"5"	17	7.68205495340502	8.163124252132	1152.6	1219.46551724138	-0.0354961587552173	-0.0523459897427734	39.0095815735253	38.7495060194284	18
"6"	21	7.68205495340502	8.163124252132	1152.6	1219.46551724138	-0.0217198528401603	-0.0372664924864691	60.352151114374	59.828069576013	18
"7"	25	13.128849218638	14.6291320133482	447.3	416.979310344828	-0.0974401234925204	-0.377728418291797	32.6226186320405	28.5400409392607	18
"8"	29	13.128849218638	14.6291320133482	447.3	416.979310344828	-0.0470154993001564	-0.32355330497284	53.446080758505	46.6622840489184	18
"9"	33	11.5038799569892	13.0508222558398	994.866666666667	989.41724137931	-0.0586199366719823	-0.269479814049437	36.1487960577453	32.8082395392609	18
"10"	37	11.5038799569892	13.0508222558398	994.866666666667	989.41724137931	-0.0309950034800299	-0.229837255545696	57.4324639421207	52.1300853949909	18
"11"	41	9.69377912544803	11.2252811182796	1314.56666666667	1352.14827586207	-0.01862572982596	-0.136684980347299	39.7822727599751	36.6786913466296	18
"12"	45	9.69377912544803	11.2252811182796	1314.56666666667	1352.14827586207	-0.0171767860263858	-0.106573583755587	61.1418985486507	57.3091077286275	18
"13"	49	15.2317258781362	14.8461624397479	425.066666666667	441.372413793103	-0.35990201080956	-0.342467332598317	29.0513447396735	29.2088283542258	18
"14"	53	15.2317258781362	14.8461624397479	425.066666666667	441.372413793103	-0.275938956003614	-0.288734683179797	47.7927211139759	47.5377291016803	18
"15"	57	13.6512741505376	13.3126032703003	959.266666666667	1005.56896551724	-0.261471255270738	-0.301656556100388	31.9690036108549	31.9614740495781	18
"16"	61	13.6512741505376	13.3126032703003	959.266666666667	1005.56896551724	-0.207922433568861	-0.242666814293642	50.8305782532667	50.9368486007671	18
"17"	65	11.7856148387097	11.500103289581	1326.36666666667	1377.42413793103	-0.040477327480027	-0.102871344926189	38.2043739767817	36.8196773384087	18
"18"	69	11.7856148387097	11.500103289581	1326.36666666667	1377.42413793103	-0.0250880515678655	-0.0731853506429597	59.3169635775641	57.3236334382396	18
"19"	73	14.8869822939068	15.4748568557657	387.7	422.78275862069	-0.404119031414512	-0.406416319626152	27.3340314201759	28.2654601732284	18
"20"	77	14.8869822939068	15.4748568557657	387.7	422.78275862069	-0.31433609661674	-0.347228347468628	45.6893617186664	46.2644123849267	18
"21"	81	13.4575868673835	13.9856222751205	993	1018.36551724138	-0.277945738432716	-0.357109561476044	31.3850123310838	31.4526621061916	18
"22"	85	13.4575868673835	13.9856222751205	993	1018.36551724138	-0.218145612253483	-0.302584486248757	50.49981559209	50.1346564738002	18
"23"	89	11.6923052759857	12.1825939784946	1408.1	1409.27931034483	-0.0793325967430007	-0.201743298544345	37.2808050478421	35.3497353120666	18
"24"	93	11.6923052759857	12.1825939784946	1408.1	1409.27931034483	-0.0368286418851843	-0.154798773725196	58.4391744575544	55.4467027560043	18
"25"	97	17.9139782939068	17.5572398902484	389.466666666667	458.020689655172	-0.449660515871052	-0.443775902477938	27.0868843156135	27.6015184705593	18
"26"	101	17.9139782939068	17.5572398902484	389.466666666667	458.020689655172	-0.385741962436002	-0.382055717820547	44.7099425226486	45.3505879373539	18
"27"	105	16.3717179784946	16.1006430315165	1000.4	1083.01724137931	-0.46976028112033	-0.405158339431098	28.8796628289998	30.2570519194977	18
"28"	109	16.3717179784946	16.1006430315165	1000.4	1083.01724137931	-0.38063881921614	-0.34981042265046	46.9766470822256	48.607424555628	18
"29"	113	14.5649249892473	14.2794382766036	1340.83333333333	1462.70689655172	-0.329254940675055	-0.302847358229597	31.3170430995023	32.5955260798829	18
"30"	117	14.5649249892473	14.2794382766036	1340.83333333333	1462.70689655172	-0.280008958371465	-0.289862459202025	50.2445173760921	51.1613790886184	18
"31"	2	12.3929366164875	11.8273898746756	341.6	374.189655172414	-0.501239106135353	-0.310760013297234	25.595637238025	29.4406918821478	18
"32"	6	12.3929366164875	11.8273898746756	341.6	374.189655172414	-0.438684447168614	-0.246875103178151	42.1699365622244	48.023333185714	18
"33"	10	10.8230100071685	10.2816999970337	837.466666666667	861.041379310345	-0.256841882871231	-0.174138942153536	32.7465585134725	34.2228757179993	18
"34"	14	10.8230100071685	10.2816999970337	837.466666666667	861.041379310345	-0.200769227298463	-0.136014197501326	52.208844520997	53.9069140701911	18
"35"	18	8.91158937634409	8.42231890693363	1161.06666666667	1188.5275862069	-0.0633488514335026	-0.0559063936822306	38.0641510691869	38.5844128457938	18
"36"	22	8.91158937634409	8.42231890693363	1161.06666666667	1188.5275862069	-0.0396640211671796	-0.0387097366685565	59.1808534455353	59.5952624088212	18
"37"	26	14.617736874552	14.8596476129032	504.933333333333	424.103448275862	-0.16725735468126	-0.372986002141996	31.6616656205397	28.6156523768398	18
"38"	30	14.617736874552	14.8596476129032	504.933333333333	424.103448275862	-0.0954607867104314	-0.327182074577819	52.2184474081468	46.5754390183915	18
"39"	34	12.9587147240143	13.3048710789766	1200.46666666667	984.686206896552	-0.109448888070296	-0.31059635079911	34.9549575362479	32.4948429337568	18
"40"	38	12.9587147240143	13.3048710789766	1200.46666666667	984.686206896552	-0.067355443158423	-0.257007978285218	55.8468019796307	51.8188578239145	18
"41"	42	11.0257301935484	11.4670024545792	1626.06666666667	1349.06551724138	-0.0380546145058084	-0.184704699934018	38.9269665482126	35.9584836648812	18
"42"	46	11.0257301935484	11.4670024545792	1626.06666666667	1349.06551724138	-0.0226436424236596	-0.148841661175022	60.2630651224504	56.3914834339833	18
"43"	50	15.0114842007168	14.9748343804227	391.266666666667	442.765517241379	-0.379744820262097	-0.359957991984754	29.0034039205572	29.0979703821829	18
"44"	54	15.0114842007168	14.9748343804227	391.266666666667	442.765517241379	-0.285223626350897	-0.280636881697826	47.6934209266106	47.7915684607054	18
"45"	58	13.4195397419355	13.4535555461624	923.5	1019.40689655172	-0.326744174997538	-0.310547159773109	30.1545859861776	31.8962652621517	18
"46"	62	13.4195397419355	13.4535555461624	923.5	1019.40689655172	-0.253084276577942	-0.250228016222276	49.1742266392131	50.7924812459223	18
"47"	66	11.5648691039427	11.6362888186874	1272.7	1395.51379310345	-0.170700881349735	-0.0973099676966802	35.0702687412021	36.9260078130968	18
"48"	70	11.5648691039427	11.6362888186874	1272.7	1395.51379310345	-0.147408242541232	-0.067520114369101	55.2182650263335	57.3681634380457	18
"49"	74	16.0905506379928	15.634485638858	365.133333333333	433.389655172414	-0.483312568815693	-0.392870406370546	26.6176698480158	28.6849147902617	18
"50"	78	16.0905506379928	15.634485638858	365.133333333333	433.389655172414	-0.407538283931081	-0.338826561385091	43.8938435700591	46.7147910482662	18
"51"	82	14.6523858207885	14.1364057278458	868.466666666667	1027.21034482759	-0.369704210252641	-0.360805344760507	30.2947668947164	31.6626123968734	18
"52"	86	14.6523858207885	14.1364057278458	868.466666666667	1027.21034482759	-0.31498587822013	-0.31332120580253	48.2639336601435	50.2263229889167	18
"53"	90	12.8354745949821	12.3231871605488	1216.96666666667	1412.26206896552	-0.166454765601679	-0.205045442635848	34.7188525419177	35.0913851897221	18
"54"	94	12.8354745949821	12.3231871605488	1216.96666666667	1412.26206896552	-0.11702296197973	-0.181717929195509	54.8780315645751	54.5032660763898	18
"55"	98	16.3365021792115	17.6995496670374	506.066666666667	455.724137931034	-0.232094609537618	-0.471838411220183	30.7586707926793	27.3760587422075	18
"56"	102	16.3365021792115	17.6995496670374	506.066666666667	455.724137931034	-0.164023839437547	-0.439231178674084	50.7638581250057	44.6205058685809	18
"57"	106	14.9517982222222	16.2562037641824	1118.63333333333	1054.05862068966	-0.206767110283528	-0.432796239631653	32.7209902199817	30.2044370285857	18
"58"	110	14.9517982222222	16.2562037641824	1118.63333333333	1054.05862068966	-0.143085337443997	-0.393511082570021	52.8938875126609	48.5798966449235	18
"59"	114	13.173584702509	14.4434804004449	1488.53333333333	1425.16206896552	-0.162451522074688	-0.342939060486258	35.0638401273527	32.1852085198273	18
"60"	118	13.173584702509	14.4434804004449	1488.53333333333	1425.16206896552	-0.107975039972328	-0.307341265723507	55.423715720193	51.1301701722719	18
"61"	3	11.3671529032258	11.717135323693	370.2	397.903448275862	-0.261755620578128	-0.21052280672813	30.1982443635145	31.3980318622542	18
"62"	7	11.3671529032258	11.717135323693	370.2	397.903448275862	-0.198832558142158	-0.150157459349993	49.3401142537936	50.912923843434	18
"63"	11	9.77354093189964	10.1393759733037	892.833333333333	896.613793103448	-0.124570138337387	-0.147313745476434	35.2825277393678	34.702103614431	18
"64"	15	9.77354093189964	10.1393759733037	892.833333333333	896.613793103448	-0.0729234167344608	-0.0893402620596622	56.1471810769978	55.0514770446262	18
"65"	19	7.91880292473118	8.26601285279941	1221.86666666667	1218.56551724138	-0.0213695159180212	-0.0453767015283578	39.4009859388937	38.8212189906314	18
"66"	23	7.91880292473118	8.26601285279941	1221.86666666667	1218.56551724138	-0.018317054593658	-0.0302569069624338	60.7606117275693	59.9730815137565	18
"67"	27	15.6629787956989	14.5410063774564	423.5	431.051724137931	-0.339792762617308	-0.317758327703342	28.6715029404373	29.2333408263321	18
"68"	31	15.6629787956989	14.5410063774564	423.5	431.051724137931	-0.247542724387227	-0.263675252670725	48.3084038465337	47.695008901966	18
"69"	35	14.1052672114695	12.9938135558027	931.666666666667	995.641379310345	-0.280980028054515	-0.259101812327709	32.3846803892842	32.8520356415808	18
"70"	39	14.1052672114695	12.9938135558027	931.666666666667	995.641379310345	-0.207623987496243	-0.195266733988167	52.1862761376569	52.4498911187371	18
"71"	43	12.2359755125448	11.1667325665554	1305.96666666667	1377.75862068966	-0.19057515758101	-0.0964876054490584	34.4725577793303	36.9555114559383	18
"72"	47	12.2359755125448	11.1667325665554	1305.96666666667	1377.75862068966	-0.131588530014544	-0.0728506507707861	54.9948815611196	57.6855640111365	18
"73"	51	14.8629460358423	14.8214630863923	517.9	435.427586206897	-0.121342254636403	-0.343490333789607	32.9947112327186	29.4030470468536	18
"74"	55	14.8629460358423	14.8214630863923	517.9	435.427586206897	-0.050208224659128	-0.278045862156338	54.2016541682502	48.1452055851607	18
"75"	59	13.1871933333333	13.2074414104561	1146.96666666667	1012.62068965517	-0.123469484034426	-0.309079121433433	35.5864927800717	32.3634661130317	18
"76"	63	13.1871933333333	13.2074414104561	1146.96666666667	1012.62068965517	-0.0586953904486274	-0.25461744312031	56.627345465945	51.4664579786444	18
"77"	67	11.3096463512545	11.3442092117167	1596.73333333333	1397.48275862069	-0.0659035331326428	-0.0927042243676232	38.0467118751846	37.4652649232116	18
"78"	71	11.3096463512545	11.3442092117167	1596.73333333333	1397.48275862069	-0.0333607917505983	-0.064443873975812	59.2972203777469	58.1258736987674	18
"79"	75	14.8471839569892	15.0369465821283	416.933333333333	463.720689655172	-0.324533018668751	-0.320376984491559	30.6119798818709	29.8526613532047	18
"80"	79	14.8471839569892	15.0369465821283	416.933333333333	463.720689655172	-0.260285008476137	-0.236338251323063	49.721120021423	49.1273505183766	18
"81"	83	13.369720874552	13.5158584605117	974.7	1053.06551724138	-0.350810674599863	-0.292470220285502	31.0182997074418	32.4901988448386	18
"82"	87	13.369720874552	13.5158584605117	974.7	1053.06551724138	-0.290343710107654	-0.22296249824034	49.4131012367689	51.9022852148351	18
"83"	91	11.5673886451613	11.695810349277	1347.56666666667	1445.36551724138	-0.194266485712588	-0.152862709541512	34.3433412337798	35.9067016564591	18
"84"	95	11.5673886451613	11.695810349277	1347.56666666667	1445.36551724138	-0.138501561367936	-0.100760956257641	54.6334799720467	56.4691100644313	18
"85"	99	17.3235815483871	17.2344354467927	487.5	458.755172413793	-0.339781628747145	-0.460974610234366	27.7771287695013	27.2259506061719	18
"86"	103	17.3235815483871	17.2344354467927	487.5	458.755172413793	-0.28633601589927	-0.388211290426007	45.7595293584631	44.9901052872356	18
"87"	107	15.8971997419355	15.797680390063	1113.73333333333	1092.21379310345	-0.367609452288909	-0.42984744199975	29.6757308782636	30.2486072012785	18
"88"	111	15.8971997419355	15.797680390063	1113.73333333333	1092.21379310345	-0.281355685855007	-0.358485728817857	48.0161150425771	48.8491519545757	18
"89"	115	14.0768824946237	13.997274475343	1536.7	1468.1724137931	-0.249174551964936	-0.31957398230519	31.6930783321556	32.2202683855602	18
"90"	119	14.0768824946237	13.997274475343	1536.7	1468.1724137931	-0.172225278904504	-0.293166506559583	51.4001190007279	51.1047477305921	18
"91"	4	12.2384586523297	12.0586750344828	326.533333333333	364.106896551724	-0.313827437551109	-0.238981798156975	29.556860916399	30.3709612415311	18
"92"	8	12.2384586523297	12.0586750344828	326.533333333333	364.106896551724	-0.250123059196375	-0.195589161000943	47.7705901679039	48.9928159438137	18
"93"	12	10.8036491899642	10.4854417916203	718.1	827.489655172414	-0.231538672705989	-0.172041021722551	33.1076074229573	34.2674705610567	18
"94"	16	10.8036491899642	10.4854417916203	718.1	827.489655172414	-0.177415693960757	-0.132139253530307	52.429059157185	54.0771427206638	18
"95"	20	9.02519288888889	8.62263316425658	1021	1143.90344827586	-0.0826393673969323	-0.0515141046433401	37.5978960318817	38.6262063936501	18
"96"	24	9.02519288888889	8.62263316425658	1021	1143.90344827586	-0.0468434977504177	-0.0335611072213736	58.6535340537694	59.7116204128539	18
"97"	28	14.4241273978495	14.3074433963663	385.733333333333	429.075862068966	-0.295078705981917	-0.292004889447532	30.5089817121579	30.372560975141	18
"98"	32	14.4241273978495	14.3074433963663	385.733333333333	429.075862068966	-0.229220573474293	-0.233894618579037	50.0988272081984	49.681971879407	18
"99"	36	12.9429897777778	12.7900668120133	905.366666666667	984.651724137931	-0.274268690704111	-0.264393945585269	33.1525523267771	33.2586034861958	18
"100"	40	12.9429897777778	12.7900668120133	905.366666666667	984.651724137931	-0.224924730987638	-0.202569117338834	52.7621808300525	53.1436358964085	18
"101"	44	11.1687179641577	10.967794269188	1269.63333333333	1357.28965517241	-0.241835134583097	-0.17151312416943	34.7924341457303	35.9827594515511	18
"102"	48	11.1687179641577	10.967794269188	1269.63333333333	1357.28965517241	-0.201251662209966	-0.136288071771487	54.4747535956203	56.3997441912056	18
"103"	52	15.0745019498208	14.5829730589544	477.4	464.924137931034	-0.266583139925966	-0.313619577076584	31.4124174938649	30.1110243257376	18
"104"	56	15.0745019498208	14.5829730589544	477.4	464.924137931034	-0.197578961428379	-0.250003832611116	50.3684952466489	48.865453657559	18
"105"	60	13.5559266810036	13.0322103374119	1074.13333333333	1081.9275862069	-0.230105884610373	-0.288719462438602	32.9686716513246	32.7989284651457	18
"106"	64	13.5559266810036	13.0322103374119	1074.13333333333	1081.9275862069	-0.170265894731993	-0.236372287578106	52.2649937566597	51.9319925464149	18
"107"	68	11.7174320860215	11.2001926718576	1468.1	1488.05862068966	-0.0464340024051314	-0.0651177798019786	38.0105926299658	37.9081202076606	18
"108"	72	11.7174320860215	11.2001926718576	1468.1	1488.05862068966	-0.0265398781767742	-0.0411973569418841	59.1951748172653	58.8550560653291	18
"109"	76	15.0349971469534	15.3451987971821	432.366666666667	462.172413793103	-0.294520722253236	-0.308045020870327	30.6998366912454	29.7681109591998	18
"110"	80	15.0349971469534	15.3451987971821	432.366666666667	462.172413793103	-0.244331394264667	-0.259672981632046	48.9828406401141	48.066139861093	18
"111"	84	13.5618982222222	13.8518742365591	1062.56666666667	1060.20344827586	-0.17171584191314	-0.251901442953459	33.7838851184538	32.9648132326913	18
"112"	88	13.5618982222222	13.8518742365591	1062.56666666667	1060.20344827586	-0.120777241935261	-0.205692472120257	53.3372885753345	52.0139278287549	18
"113"	92	11.7238943942652	12.0354615676678	1464.6	1468.23793103448	-0.0171382271674622	-0.144809332175396	39.9456354856606	36.5912219013296	18
"114"	96	11.7238943942652	12.0354615676678	1464.6	1468.23793103448	-0.0164360358866066	-0.144022596587058	61.3052612743363	56.6437948857215	18
"115"	100	18.1616220501792	17.2553352880979	414.066666666667	461.513793103448	-0.431431313210571	-0.386513829707229	27.5641592498125	28.837400399104	18
"116"	104	18.1616220501792	17.2553352880979	414.066666666667	461.513793103448	-0.358801254073365	-0.305695194228222	45.6111490983362	47.4709107414292	18
"117"	108	16.6168134336918	15.8286233756025	970.366666666667	1062.79310344828	-0.359186050186017	-0.385480614815444	30.0569845854609	31.0146607465342	18
"118"	112	16.6168134336918	15.8286233756025	970.366666666667	1062.79310344828	-0.275254450926076	-0.358912621277815	48.9535829077583	49.2200113169324	18
"119"	116	14.8072941505376	14.0572568305525	1338.6	1425.52068965517	-0.216550442286458	-0.335302816702321	32.7410315129788	32.3229054472985	18
"120"	120	14.8072941505376	14.0572568305525	1338.6	1425.52068965517	-0.175231591459029	-0.330071001973558	52.6796636819247	50.8141613955216	18
