"stand_id";"species";"count";"height_from";"height_to";"age"
1;"Psme";55;0.229184;0.429184;6
1;"Psme";55;0.018872;0.218872;4
1;"Psme";55;0.469976;0.669976;10
1;"Psme";55;1.228928;1.428928;13
1;"Psme";55;1.018616;1.218616;12
1;"Psme";55;0.149936;0.349936;7
1;"Psme";55;1.158824;1.358824;11
1;"Psme";55;2.061032;2.261032;14
1;"Psme";55;0.518744;0.718744;12
1;"Psme";55;0.430352;0.630352;11
2;"Psme";55;0.229184;0.429184;6
2;"Psme";55;0.018872;0.218872;4
2;"Psme";55;0.469976;0.669976;10
2;"Psme";55;1.228928;1.428928;13
2;"Psme";55;1.018616;1.218616;12
2;"Psme";55;0.149936;0.349936;7
2;"Psme";55;1.158824;1.358824;11
2;"Psme";55;2.061032;2.261032;14
2;"Psme";55;0.518744;0.718744;12
2;"Psme";55;0.430352;0.630352;11
3;"Psme";55;0.229184;0.429184;6
3;"Psme";55;0.018872;0.218872;4
3;"Psme";55;0.469976;0.669976;10
3;"Psme";55;1.228928;1.428928;13
3;"Psme";55;1.018616;1.218616;12
3;"Psme";55;0.149936;0.349936;7
3;"Psme";55;1.158824;1.358824;11
3;"Psme";55;2.061032;2.261032;14
3;"Psme";55;0.518744;0.718744;12
3;"Psme";55;0.430352;0.630352;11
4;"Psme";55;0.229184;0.429184;6
4;"Psme";55;0.018872;0.218872;4
4;"Psme";55;0.469976;0.669976;10
4;"Psme";55;1.228928;1.428928;13
4;"Psme";55;1.018616;1.218616;12
4;"Psme";55;0.149936;0.349936;7
4;"Psme";55;1.158824;1.358824;11
4;"Psme";55;2.061032;2.261032;14
4;"Psme";55;0.518744;0.718744;12
4;"Psme";55;0.430352;0.630352;11
5;"Psme";55;0.229184;0.429184;6
5;"Psme";55;0.018872;0.218872;4
5;"Psme";55;0.469976;0.669976;10
5;"Psme";55;1.228928;1.428928;13
5;"Psme";55;1.018616;1.218616;12
5;"Psme";55;0.149936;0.349936;7
5;"Psme";55;1.158824;1.358824;11
5;"Psme";55;2.061032;2.261032;14
5;"Psme";55;0.518744;0.718744;12
5;"Psme";55;0.430352;0.630352;11
6;"Psme";55;0.229184;0.429184;6
6;"Psme";55;0.018872;0.218872;4
6;"Psme";55;0.469976;0.669976;10
6;"Psme";55;1.228928;1.428928;13
6;"Psme";55;1.018616;1.218616;12
6;"Psme";55;0.149936;0.349936;7
6;"Psme";55;1.158824;1.358824;11
6;"Psme";55;2.061032;2.261032;14
6;"Psme";55;0.518744;0.718744;12
6;"Psme";55;0.430352;0.630352;11
7;"Psme";55;0.229184;0.429184;6
7;"Psme";55;0.018872;0.218872;4
7;"Psme";55;0.469976;0.669976;10
7;"Psme";55;1.228928;1.428928;13
7;"Psme";55;1.018616;1.218616;12
7;"Psme";55;0.149936;0.349936;7
7;"Psme";55;1.158824;1.358824;11
7;"Psme";55;2.061032;2.261032;14
7;"Psme";55;0.518744;0.718744;12
7;"Psme";55;0.430352;0.630352;11
8;"Psme";55;0.229184;0.429184;6
8;"Psme";55;0.018872;0.218872;4
8;"Psme";55;0.469976;0.669976;10
8;"Psme";55;1.228928;1.428928;13
8;"Psme";55;1.018616;1.218616;12
8;"Psme";55;0.149936;0.349936;7
8;"Psme";55;1.158824;1.358824;11
8;"Psme";55;2.061032;2.261032;14
8;"Psme";55;0.518744;0.718744;12
8;"Psme";55;0.430352;0.630352;11
9;"Psme";55;0.229184;0.429184;6
9;"Psme";55;0.018872;0.218872;4
9;"Psme";55;0.469976;0.669976;10
9;"Psme";55;1.228928;1.428928;13
9;"Psme";55;1.018616;1.218616;12
9;"Psme";55;0.149936;0.349936;7
9;"Psme";55;1.158824;1.358824;11
9;"Psme";55;2.061032;2.261032;14
9;"Psme";55;0.518744;0.718744;12
9;"Psme";55;0.430352;0.630352;11
10;"Psme";55;0.229184;0.429184;6
10;"Psme";55;0.018872;0.218872;4
10;"Psme";55;0.469976;0.669976;10
10;"Psme";55;1.228928;1.428928;13
10;"Psme";55;1.018616;1.218616;12
10;"Psme";55;0.149936;0.349936;7
10;"Psme";55;1.158824;1.358824;11
10;"Psme";55;2.061032;2.261032;14
10;"Psme";55;0.518744;0.718744;12
10;"Psme";55;0.430352;0.630352;11
11;"Psme";55;0.229184;0.429184;6
11;"Psme";55;0.018872;0.218872;4
11;"Psme";55;0.469976;0.669976;10
11;"Psme";55;1.228928;1.428928;13
11;"Psme";55;1.018616;1.218616;12
11;"Psme";55;0.149936;0.349936;7
11;"Psme";55;1.158824;1.358824;11
11;"Psme";55;2.061032;2.261032;14
11;"Psme";55;0.518744;0.718744;12
11;"Psme";55;0.430352;0.630352;11
12;"Psme";55;0.229184;0.429184;6
12;"Psme";55;0.018872;0.218872;4
12;"Psme";55;0.469976;0.669976;10
12;"Psme";55;1.228928;1.428928;13
12;"Psme";55;1.018616;1.218616;12
12;"Psme";55;0.149936;0.349936;7
12;"Psme";55;1.158824;1.358824;11
12;"Psme";55;2.061032;2.261032;14
12;"Psme";55;0.518744;0.718744;12
12;"Psme";55;0.430352;0.630352;11
13;"Psme";55;0.229184;0.429184;6
13;"Psme";55;0.018872;0.218872;4
13;"Psme";55;0.469976;0.669976;10
13;"Psme";55;1.228928;1.428928;13
13;"Psme";55;1.018616;1.218616;12
13;"Psme";55;0.149936;0.349936;7
13;"Psme";55;1.158824;1.358824;11
13;"Psme";55;2.061032;2.261032;14
13;"Psme";55;0.518744;0.718744;12
13;"Psme";55;0.430352;0.630352;11
14;"Psme";55;0.229184;0.429184;6
14;"Psme";55;0.018872;0.218872;4
14;"Psme";55;0.469976;0.669976;10
14;"Psme";55;1.228928;1.428928;13
14;"Psme";55;1.018616;1.218616;12
14;"Psme";55;0.149936;0.349936;7
14;"Psme";55;1.158824;1.358824;11
14;"Psme";55;2.061032;2.261032;14
14;"Psme";55;0.518744;0.718744;12
14;"Psme";55;0.430352;0.630352;11
15;"Psme";55;0.229184;0.429184;6
15;"Psme";55;0.018872;0.218872;4
15;"Psme";55;0.469976;0.669976;10
15;"Psme";55;1.228928;1.428928;13
15;"Psme";55;1.018616;1.218616;12
15;"Psme";55;0.149936;0.349936;7
15;"Psme";55;1.158824;1.358824;11
15;"Psme";55;2.061032;2.261032;14
15;"Psme";55;0.518744;0.718744;12
15;"Psme";55;0.430352;0.630352;11
16;"Psme";55;0.229184;0.429184;6
16;"Psme";55;0.018872;0.218872;4
16;"Psme";55;0.469976;0.669976;10
16;"Psme";55;1.228928;1.428928;13
16;"Psme";55;1.018616;1.218616;12
16;"Psme";55;0.149936;0.349936;7
16;"Psme";55;1.158824;1.358824;11
16;"Psme";55;2.061032;2.261032;14
16;"Psme";55;0.518744;0.718744;12
16;"Psme";55;0.430352;0.630352;11
17;"Psme";55;0.229184;0.429184;6
17;"Psme";55;0.018872;0.218872;4
17;"Psme";55;0.469976;0.669976;10
17;"Psme";55;1.228928;1.428928;13
17;"Psme";55;1.018616;1.218616;12
17;"Psme";55;0.149936;0.349936;7
17;"Psme";55;1.158824;1.358824;11
17;"Psme";55;2.061032;2.261032;14
17;"Psme";55;0.518744;0.718744;12
17;"Psme";55;0.430352;0.630352;11
18;"Psme";55;0.229184;0.429184;6
18;"Psme";55;0.018872;0.218872;4
18;"Psme";55;0.469976;0.669976;10
18;"Psme";55;1.228928;1.428928;13
18;"Psme";55;1.018616;1.218616;12
18;"Psme";55;0.149936;0.349936;7
18;"Psme";55;1.158824;1.358824;11
18;"Psme";55;2.061032;2.261032;14
18;"Psme";55;0.518744;0.718744;12
18;"Psme";55;0.430352;0.630352;11
19;"Psme";55;0.229184;0.429184;6
19;"Psme";55;0.018872;0.218872;4
19;"Psme";55;0.469976;0.669976;10
19;"Psme";55;1.228928;1.428928;13
19;"Psme";55;1.018616;1.218616;12
19;"Psme";55;0.149936;0.349936;7
19;"Psme";55;1.158824;1.358824;11
19;"Psme";55;2.061032;2.261032;14
19;"Psme";55;0.518744;0.718744;12
19;"Psme";55;0.430352;0.630352;11
20;"Psme";55;0.229184;0.429184;6
20;"Psme";55;0.018872;0.218872;4
20;"Psme";55;0.469976;0.669976;10
20;"Psme";55;1.228928;1.428928;13
20;"Psme";55;1.018616;1.218616;12
20;"Psme";55;0.149936;0.349936;7
20;"Psme";55;1.158824;1.358824;11
20;"Psme";55;2.061032;2.261032;14
20;"Psme";55;0.518744;0.718744;12
20;"Psme";55;0.430352;0.630352;11
21;"Psme";55;0.229184;0.429184;6
21;"Psme";55;0.018872;0.218872;4
21;"Psme";55;0.469976;0.669976;10
21;"Psme";55;1.228928;1.428928;13
21;"Psme";55;1.018616;1.218616;12
21;"Psme";55;0.149936;0.349936;7
21;"Psme";55;1.158824;1.358824;11
21;"Psme";55;2.061032;2.261032;14
21;"Psme";55;0.518744;0.718744;12
21;"Psme";55;0.430352;0.630352;11
22;"Psme";55;0.229184;0.429184;6
22;"Psme";55;0.018872;0.218872;4
22;"Psme";55;0.469976;0.669976;10
22;"Psme";55;1.228928;1.428928;13
22;"Psme";55;1.018616;1.218616;12
22;"Psme";55;0.149936;0.349936;7
22;"Psme";55;1.158824;1.358824;11
22;"Psme";55;2.061032;2.261032;14
22;"Psme";55;0.518744;0.718744;12
22;"Psme";55;0.430352;0.630352;11
23;"Psme";55;0.229184;0.429184;6
23;"Psme";55;0.018872;0.218872;4
23;"Psme";55;0.469976;0.669976;10
23;"Psme";55;1.228928;1.428928;13
23;"Psme";55;1.018616;1.218616;12
23;"Psme";55;0.149936;0.349936;7
23;"Psme";55;1.158824;1.358824;11
23;"Psme";55;2.061032;2.261032;14
23;"Psme";55;0.518744;0.718744;12
23;"Psme";55;0.430352;0.630352;11
24;"Psme";55;0.229184;0.429184;6
24;"Psme";55;0.018872;0.218872;4
24;"Psme";55;0.469976;0.669976;10
24;"Psme";55;1.228928;1.428928;13
24;"Psme";55;1.018616;1.218616;12
24;"Psme";55;0.149936;0.349936;7
24;"Psme";55;1.158824;1.358824;11
24;"Psme";55;2.061032;2.261032;14
24;"Psme";55;0.518744;0.718744;12
24;"Psme";55;0.430352;0.630352;11
25;"Psme";55;0.229184;0.429184;6
25;"Psme";55;0.018872;0.218872;4
25;"Psme";55;0.469976;0.669976;10
25;"Psme";55;1.228928;1.428928;13
25;"Psme";55;1.018616;1.218616;12
25;"Psme";55;0.149936;0.349936;7
25;"Psme";55;1.158824;1.358824;11
25;"Psme";55;2.061032;2.261032;14
25;"Psme";55;0.518744;0.718744;12
25;"Psme";55;0.430352;0.630352;11
26;"Psme";55;0.229184;0.429184;6
26;"Psme";55;0.018872;0.218872;4
26;"Psme";55;0.469976;0.669976;10
26;"Psme";55;1.228928;1.428928;13
26;"Psme";55;1.018616;1.218616;12
26;"Psme";55;0.149936;0.349936;7
26;"Psme";55;1.158824;1.358824;11
26;"Psme";55;2.061032;2.261032;14
26;"Psme";55;0.518744;0.718744;12
26;"Psme";55;0.430352;0.630352;11
27;"Psme";55;0.229184;0.429184;6
27;"Psme";55;0.018872;0.218872;4
27;"Psme";55;0.469976;0.669976;10
27;"Psme";55;1.228928;1.428928;13
27;"Psme";55;1.018616;1.218616;12
27;"Psme";55;0.149936;0.349936;7
27;"Psme";55;1.158824;1.358824;11
27;"Psme";55;2.061032;2.261032;14
27;"Psme";55;0.518744;0.718744;12
27;"Psme";55;0.430352;0.630352;11
28;"Psme";55;0.229184;0.429184;6
28;"Psme";55;0.018872;0.218872;4
28;"Psme";55;0.469976;0.669976;10
28;"Psme";55;1.228928;1.428928;13
28;"Psme";55;1.018616;1.218616;12
28;"Psme";55;0.149936;0.349936;7
28;"Psme";55;1.158824;1.358824;11
28;"Psme";55;2.061032;2.261032;14
28;"Psme";55;0.518744;0.718744;12
28;"Psme";55;0.430352;0.630352;11
29;"Psme";55;0.229184;0.429184;6
29;"Psme";55;0.018872;0.218872;4
29;"Psme";55;0.469976;0.669976;10
29;"Psme";55;1.228928;1.428928;13
29;"Psme";55;1.018616;1.218616;12
29;"Psme";55;0.149936;0.349936;7
29;"Psme";55;1.158824;1.358824;11
29;"Psme";55;2.061032;2.261032;14
29;"Psme";55;0.518744;0.718744;12
29;"Psme";55;0.430352;0.630352;11
30;"Psme";55;0.229184;0.429184;6
30;"Psme";55;0.018872;0.218872;4
30;"Psme";55;0.469976;0.669976;10
30;"Psme";55;1.228928;1.428928;13
30;"Psme";55;1.018616;1.218616;12
30;"Psme";55;0.149936;0.349936;7
30;"Psme";55;1.158824;1.358824;11
30;"Psme";55;2.061032;2.261032;14
30;"Psme";55;0.518744;0.718744;12
30;"Psme";55;0.430352;0.630352;11
31;"Psme";55;0.229184;0.429184;6
31;"Psme";55;0.018872;0.218872;4
31;"Psme";55;0.469976;0.669976;10
31;"Psme";55;1.228928;1.428928;13
31;"Psme";55;1.018616;1.218616;12
31;"Psme";55;0.149936;0.349936;7
31;"Psme";55;1.158824;1.358824;11
31;"Psme";55;2.061032;2.261032;14
31;"Psme";55;0.518744;0.718744;12
31;"Psme";55;0.430352;0.630352;11
32;"Psme";55;0.229184;0.429184;6
32;"Psme";55;0.018872;0.218872;4
32;"Psme";55;0.469976;0.669976;10
32;"Psme";55;1.228928;1.428928;13
32;"Psme";55;1.018616;1.218616;12
32;"Psme";55;0.149936;0.349936;7
32;"Psme";55;1.158824;1.358824;11
32;"Psme";55;2.061032;2.261032;14
32;"Psme";55;0.518744;0.718744;12
32;"Psme";55;0.430352;0.630352;11
33;"Psme";55;0.229184;0.429184;6
33;"Psme";55;0.018872;0.218872;4
33;"Psme";55;0.469976;0.669976;10
33;"Psme";55;1.228928;1.428928;13
33;"Psme";55;1.018616;1.218616;12
33;"Psme";55;0.149936;0.349936;7
33;"Psme";55;1.158824;1.358824;11
33;"Psme";55;2.061032;2.261032;14
33;"Psme";55;0.518744;0.718744;12
33;"Psme";55;0.430352;0.630352;11
34;"Psme";55;0.229184;0.429184;6
34;"Psme";55;0.018872;0.218872;4
34;"Psme";55;0.469976;0.669976;10
34;"Psme";55;1.228928;1.428928;13
34;"Psme";55;1.018616;1.218616;12
34;"Psme";55;0.149936;0.349936;7
34;"Psme";55;1.158824;1.358824;11
34;"Psme";55;2.061032;2.261032;14
34;"Psme";55;0.518744;0.718744;12
34;"Psme";55;0.430352;0.630352;11
35;"Psme";55;0.229184;0.429184;6
35;"Psme";55;0.018872;0.218872;4
35;"Psme";55;0.469976;0.669976;10
35;"Psme";55;1.228928;1.428928;13
35;"Psme";55;1.018616;1.218616;12
35;"Psme";55;0.149936;0.349936;7
35;"Psme";55;1.158824;1.358824;11
35;"Psme";55;2.061032;2.261032;14
35;"Psme";55;0.518744;0.718744;12
35;"Psme";55;0.430352;0.630352;11
36;"Psme";55;0.229184;0.429184;6
36;"Psme";55;0.018872;0.218872;4
36;"Psme";55;0.469976;0.669976;10
36;"Psme";55;1.228928;1.428928;13
36;"Psme";55;1.018616;1.218616;12
36;"Psme";55;0.149936;0.349936;7
36;"Psme";55;1.158824;1.358824;11
36;"Psme";55;2.061032;2.261032;14
36;"Psme";55;0.518744;0.718744;12
36;"Psme";55;0.430352;0.630352;11
37;"Psme";55;0.229184;0.429184;6
37;"Psme";55;0.018872;0.218872;4
37;"Psme";55;0.469976;0.669976;10
37;"Psme";55;1.228928;1.428928;13
37;"Psme";55;1.018616;1.218616;12
37;"Psme";55;0.149936;0.349936;7
37;"Psme";55;1.158824;1.358824;11
37;"Psme";55;2.061032;2.261032;14
37;"Psme";55;0.518744;0.718744;12
37;"Psme";55;0.430352;0.630352;11
38;"Psme";55;0.229184;0.429184;6
38;"Psme";55;0.018872;0.218872;4
38;"Psme";55;0.469976;0.669976;10
38;"Psme";55;1.228928;1.428928;13
38;"Psme";55;1.018616;1.218616;12
38;"Psme";55;0.149936;0.349936;7
38;"Psme";55;1.158824;1.358824;11
38;"Psme";55;2.061032;2.261032;14
38;"Psme";55;0.518744;0.718744;12
38;"Psme";55;0.430352;0.630352;11
39;"Psme";55;0.229184;0.429184;6
39;"Psme";55;0.018872;0.218872;4
39;"Psme";55;0.469976;0.669976;10
39;"Psme";55;1.228928;1.428928;13
39;"Psme";55;1.018616;1.218616;12
39;"Psme";55;0.149936;0.349936;7
39;"Psme";55;1.158824;1.358824;11
39;"Psme";55;2.061032;2.261032;14
39;"Psme";55;0.518744;0.718744;12
39;"Psme";55;0.430352;0.630352;11
40;"Psme";55;0.229184;0.429184;6
40;"Psme";55;0.018872;0.218872;4
40;"Psme";55;0.469976;0.669976;10
40;"Psme";55;1.228928;1.428928;13
40;"Psme";55;1.018616;1.218616;12
40;"Psme";55;0.149936;0.349936;7
40;"Psme";55;1.158824;1.358824;11
40;"Psme";55;2.061032;2.261032;14
40;"Psme";55;0.518744;0.718744;12
40;"Psme";55;0.430352;0.630352;11
41;"Psme";55;0.229184;0.429184;6
41;"Psme";55;0.018872;0.218872;4
41;"Psme";55;0.469976;0.669976;10
41;"Psme";55;1.228928;1.428928;13
41;"Psme";55;1.018616;1.218616;12
41;"Psme";55;0.149936;0.349936;7
41;"Psme";55;1.158824;1.358824;11
41;"Psme";55;2.061032;2.261032;14
41;"Psme";55;0.518744;0.718744;12
41;"Psme";55;0.430352;0.630352;11
42;"Psme";55;0.229184;0.429184;6
42;"Psme";55;0.018872;0.218872;4
42;"Psme";55;0.469976;0.669976;10
42;"Psme";55;1.228928;1.428928;13
42;"Psme";55;1.018616;1.218616;12
42;"Psme";55;0.149936;0.349936;7
42;"Psme";55;1.158824;1.358824;11
42;"Psme";55;2.061032;2.261032;14
42;"Psme";55;0.518744;0.718744;12
42;"Psme";55;0.430352;0.630352;11
43;"Psme";55;0.229184;0.429184;6
43;"Psme";55;0.018872;0.218872;4
43;"Psme";55;0.469976;0.669976;10
43;"Psme";55;1.228928;1.428928;13
43;"Psme";55;1.018616;1.218616;12
43;"Psme";55;0.149936;0.349936;7
43;"Psme";55;1.158824;1.358824;11
43;"Psme";55;2.061032;2.261032;14
43;"Psme";55;0.518744;0.718744;12
43;"Psme";55;0.430352;0.630352;11
44;"Psme";55;0.229184;0.429184;6
44;"Psme";55;0.018872;0.218872;4
44;"Psme";55;0.469976;0.669976;10
44;"Psme";55;1.228928;1.428928;13
44;"Psme";55;1.018616;1.218616;12
44;"Psme";55;0.149936;0.349936;7
44;"Psme";55;1.158824;1.358824;11
44;"Psme";55;2.061032;2.261032;14
44;"Psme";55;0.518744;0.718744;12
44;"Psme";55;0.430352;0.630352;11
45;"Psme";55;0.229184;0.429184;6
45;"Psme";55;0.018872;0.218872;4
45;"Psme";55;0.469976;0.669976;10
45;"Psme";55;1.228928;1.428928;13
45;"Psme";55;1.018616;1.218616;12
45;"Psme";55;0.149936;0.349936;7
45;"Psme";55;1.158824;1.358824;11
45;"Psme";55;2.061032;2.261032;14
45;"Psme";55;0.518744;0.718744;12
45;"Psme";55;0.430352;0.630352;11
46;"Psme";55;0.229184;0.429184;6
46;"Psme";55;0.018872;0.218872;4
46;"Psme";55;0.469976;0.669976;10
46;"Psme";55;1.228928;1.428928;13
46;"Psme";55;1.018616;1.218616;12
46;"Psme";55;0.149936;0.349936;7
46;"Psme";55;1.158824;1.358824;11
46;"Psme";55;2.061032;2.261032;14
46;"Psme";55;0.518744;0.718744;12
46;"Psme";55;0.430352;0.630352;11
47;"Psme";55;0.229184;0.429184;6
47;"Psme";55;0.018872;0.218872;4
47;"Psme";55;0.469976;0.669976;10
47;"Psme";55;1.228928;1.428928;13
47;"Psme";55;1.018616;1.218616;12
47;"Psme";55;0.149936;0.349936;7
47;"Psme";55;1.158824;1.358824;11
47;"Psme";55;2.061032;2.261032;14
47;"Psme";55;0.518744;0.718744;12
47;"Psme";55;0.430352;0.630352;11
48;"Psme";55;0.229184;0.429184;6
48;"Psme";55;0.018872;0.218872;4
48;"Psme";55;0.469976;0.669976;10
48;"Psme";55;1.228928;1.428928;13
48;"Psme";55;1.018616;1.218616;12
48;"Psme";55;0.149936;0.349936;7
48;"Psme";55;1.158824;1.358824;11
48;"Psme";55;2.061032;2.261032;14
48;"Psme";55;0.518744;0.718744;12
48;"Psme";55;0.430352;0.630352;11
49;"Psme";55;0.229184;0.429184;6
49;"Psme";55;0.018872;0.218872;4
49;"Psme";55;0.469976;0.669976;10
49;"Psme";55;1.228928;1.428928;13
49;"Psme";55;1.018616;1.218616;12
49;"Psme";55;0.149936;0.349936;7
49;"Psme";55;1.158824;1.358824;11
49;"Psme";55;2.061032;2.261032;14
49;"Psme";55;0.518744;0.718744;12
49;"Psme";55;0.430352;0.630352;11
50;"Psme";55;0.229184;0.429184;6
50;"Psme";55;0.018872;0.218872;4
50;"Psme";55;0.469976;0.669976;10
50;"Psme";55;1.228928;1.428928;13
50;"Psme";55;1.018616;1.218616;12
50;"Psme";55;0.149936;0.349936;7
50;"Psme";55;1.158824;1.358824;11
50;"Psme";55;2.061032;2.261032;14
50;"Psme";55;0.518744;0.718744;12
50;"Psme";55;0.430352;0.630352;11
51;"Psme";55;0.229184;0.429184;6
51;"Psme";55;0.018872;0.218872;4
51;"Psme";55;0.469976;0.669976;10
51;"Psme";55;1.228928;1.428928;13
51;"Psme";55;1.018616;1.218616;12
51;"Psme";55;0.149936;0.349936;7
51;"Psme";55;1.158824;1.358824;11
51;"Psme";55;2.061032;2.261032;14
51;"Psme";55;0.518744;0.718744;12
51;"Psme";55;0.430352;0.630352;11
52;"Psme";55;0.229184;0.429184;6
52;"Psme";55;0.018872;0.218872;4
52;"Psme";55;0.469976;0.669976;10
52;"Psme";55;1.228928;1.428928;13
52;"Psme";55;1.018616;1.218616;12
52;"Psme";55;0.149936;0.349936;7
52;"Psme";55;1.158824;1.358824;11
52;"Psme";55;2.061032;2.261032;14
52;"Psme";55;0.518744;0.718744;12
52;"Psme";55;0.430352;0.630352;11
53;"Psme";55;0.229184;0.429184;6
53;"Psme";55;0.018872;0.218872;4
53;"Psme";55;0.469976;0.669976;10
53;"Psme";55;1.228928;1.428928;13
53;"Psme";55;1.018616;1.218616;12
53;"Psme";55;0.149936;0.349936;7
53;"Psme";55;1.158824;1.358824;11
53;"Psme";55;2.061032;2.261032;14
53;"Psme";55;0.518744;0.718744;12
53;"Psme";55;0.430352;0.630352;11
54;"Psme";55;0.229184;0.429184;6
54;"Psme";55;0.018872;0.218872;4
54;"Psme";55;0.469976;0.669976;10
54;"Psme";55;1.228928;1.428928;13
54;"Psme";55;1.018616;1.218616;12
54;"Psme";55;0.149936;0.349936;7
54;"Psme";55;1.158824;1.358824;11
54;"Psme";55;2.061032;2.261032;14
54;"Psme";55;0.518744;0.718744;12
54;"Psme";55;0.430352;0.630352;11
55;"Psme";55;0.229184;0.429184;6
55;"Psme";55;0.018872;0.218872;4
55;"Psme";55;0.469976;0.669976;10
55;"Psme";55;1.228928;1.428928;13
55;"Psme";55;1.018616;1.218616;12
55;"Psme";55;0.149936;0.349936;7
55;"Psme";55;1.158824;1.358824;11
55;"Psme";55;2.061032;2.261032;14
55;"Psme";55;0.518744;0.718744;12
55;"Psme";55;0.430352;0.630352;11
56;"Psme";55;0.229184;0.429184;6
56;"Psme";55;0.018872;0.218872;4
56;"Psme";55;0.469976;0.669976;10
56;"Psme";55;1.228928;1.428928;13
56;"Psme";55;1.018616;1.218616;12
56;"Psme";55;0.149936;0.349936;7
56;"Psme";55;1.158824;1.358824;11
56;"Psme";55;2.061032;2.261032;14
56;"Psme";55;0.518744;0.718744;12
56;"Psme";55;0.430352;0.630352;11
57;"Psme";55;0.229184;0.429184;6
57;"Psme";55;0.018872;0.218872;4
57;"Psme";55;0.469976;0.669976;10
57;"Psme";55;1.228928;1.428928;13
57;"Psme";55;1.018616;1.218616;12
57;"Psme";55;0.149936;0.349936;7
57;"Psme";55;1.158824;1.358824;11
57;"Psme";55;2.061032;2.261032;14
57;"Psme";55;0.518744;0.718744;12
57;"Psme";55;0.430352;0.630352;11
58;"Psme";55;0.229184;0.429184;6
58;"Psme";55;0.018872;0.218872;4
58;"Psme";55;0.469976;0.669976;10
58;"Psme";55;1.228928;1.428928;13
58;"Psme";55;1.018616;1.218616;12
58;"Psme";55;0.149936;0.349936;7
58;"Psme";55;1.158824;1.358824;11
58;"Psme";55;2.061032;2.261032;14
58;"Psme";55;0.518744;0.718744;12
58;"Psme";55;0.430352;0.630352;11
59;"Psme";55;0.229184;0.429184;6
59;"Psme";55;0.018872;0.218872;4
59;"Psme";55;0.469976;0.669976;10
59;"Psme";55;1.228928;1.428928;13
59;"Psme";55;1.018616;1.218616;12
59;"Psme";55;0.149936;0.349936;7
59;"Psme";55;1.158824;1.358824;11
59;"Psme";55;2.061032;2.261032;14
59;"Psme";55;0.518744;0.718744;12
59;"Psme";55;0.430352;0.630352;11
60;"Psme";55;0.229184;0.429184;6
60;"Psme";55;0.018872;0.218872;4
60;"Psme";55;0.469976;0.669976;10
60;"Psme";55;1.228928;1.428928;13
60;"Psme";55;1.018616;1.218616;12
60;"Psme";55;0.149936;0.349936;7
60;"Psme";55;1.158824;1.358824;11
60;"Psme";55;2.061032;2.261032;14
60;"Psme";55;0.518744;0.718744;12
60;"Psme";55;0.430352;0.630352;11
61;"Psme";55;0.229184;0.429184;6
61;"Psme";55;0.018872;0.218872;4
61;"Psme";55;0.469976;0.669976;10
61;"Psme";55;1.228928;1.428928;13
61;"Psme";55;1.018616;1.218616;12
61;"Psme";55;0.149936;0.349936;7
61;"Psme";55;1.158824;1.358824;11
61;"Psme";55;2.061032;2.261032;14
61;"Psme";55;0.518744;0.718744;12
61;"Psme";55;0.430352;0.630352;11
62;"Psme";55;0.229184;0.429184;6
62;"Psme";55;0.018872;0.218872;4
62;"Psme";55;0.469976;0.669976;10
62;"Psme";55;1.228928;1.428928;13
62;"Psme";55;1.018616;1.218616;12
62;"Psme";55;0.149936;0.349936;7
62;"Psme";55;1.158824;1.358824;11
62;"Psme";55;2.061032;2.261032;14
62;"Psme";55;0.518744;0.718744;12
62;"Psme";55;0.430352;0.630352;11
63;"Psme";55;0.229184;0.429184;6
63;"Psme";55;0.018872;0.218872;4
63;"Psme";55;0.469976;0.669976;10
63;"Psme";55;1.228928;1.428928;13
63;"Psme";55;1.018616;1.218616;12
63;"Psme";55;0.149936;0.349936;7
63;"Psme";55;1.158824;1.358824;11
63;"Psme";55;2.061032;2.261032;14
63;"Psme";55;0.518744;0.718744;12
63;"Psme";55;0.430352;0.630352;11
64;"Psme";55;0.229184;0.429184;6
64;"Psme";55;0.018872;0.218872;4
64;"Psme";55;0.469976;0.669976;10
64;"Psme";55;1.228928;1.428928;13
64;"Psme";55;1.018616;1.218616;12
64;"Psme";55;0.149936;0.349936;7
64;"Psme";55;1.158824;1.358824;11
64;"Psme";55;2.061032;2.261032;14
64;"Psme";55;0.518744;0.718744;12
64;"Psme";55;0.430352;0.630352;11
65;"Psme";55;0.229184;0.429184;6
65;"Psme";55;0.018872;0.218872;4
65;"Psme";55;0.469976;0.669976;10
65;"Psme";55;1.228928;1.428928;13
65;"Psme";55;1.018616;1.218616;12
65;"Psme";55;0.149936;0.349936;7
65;"Psme";55;1.158824;1.358824;11
65;"Psme";55;2.061032;2.261032;14
65;"Psme";55;0.518744;0.718744;12
65;"Psme";55;0.430352;0.630352;11
66;"Psme";55;0.229184;0.429184;6
66;"Psme";55;0.018872;0.218872;4
66;"Psme";55;0.469976;0.669976;10
66;"Psme";55;1.228928;1.428928;13
66;"Psme";55;1.018616;1.218616;12
66;"Psme";55;0.149936;0.349936;7
66;"Psme";55;1.158824;1.358824;11
66;"Psme";55;2.061032;2.261032;14
66;"Psme";55;0.518744;0.718744;12
66;"Psme";55;0.430352;0.630352;11
67;"Psme";55;0.229184;0.429184;6
67;"Psme";55;0.018872;0.218872;4
67;"Psme";55;0.469976;0.669976;10
67;"Psme";55;1.228928;1.428928;13
67;"Psme";55;1.018616;1.218616;12
67;"Psme";55;0.149936;0.349936;7
67;"Psme";55;1.158824;1.358824;11
67;"Psme";55;2.061032;2.261032;14
67;"Psme";55;0.518744;0.718744;12
67;"Psme";55;0.430352;0.630352;11
68;"Psme";55;0.229184;0.429184;6
68;"Psme";55;0.018872;0.218872;4
68;"Psme";55;0.469976;0.669976;10
68;"Psme";55;1.228928;1.428928;13
68;"Psme";55;1.018616;1.218616;12
68;"Psme";55;0.149936;0.349936;7
68;"Psme";55;1.158824;1.358824;11
68;"Psme";55;2.061032;2.261032;14
68;"Psme";55;0.518744;0.718744;12
68;"Psme";55;0.430352;0.630352;11
69;"Psme";55;0.229184;0.429184;6
69;"Psme";55;0.018872;0.218872;4
69;"Psme";55;0.469976;0.669976;10
69;"Psme";55;1.228928;1.428928;13
69;"Psme";55;1.018616;1.218616;12
69;"Psme";55;0.149936;0.349936;7
69;"Psme";55;1.158824;1.358824;11
69;"Psme";55;2.061032;2.261032;14
69;"Psme";55;0.518744;0.718744;12
69;"Psme";55;0.430352;0.630352;11
70;"Psme";55;0.229184;0.429184;6
70;"Psme";55;0.018872;0.218872;4
70;"Psme";55;0.469976;0.669976;10
70;"Psme";55;1.228928;1.428928;13
70;"Psme";55;1.018616;1.218616;12
70;"Psme";55;0.149936;0.349936;7
70;"Psme";55;1.158824;1.358824;11
70;"Psme";55;2.061032;2.261032;14
70;"Psme";55;0.518744;0.718744;12
70;"Psme";55;0.430352;0.630352;11
71;"Psme";55;0.229184;0.429184;6
71;"Psme";55;0.018872;0.218872;4
71;"Psme";55;0.469976;0.669976;10
71;"Psme";55;1.228928;1.428928;13
71;"Psme";55;1.018616;1.218616;12
71;"Psme";55;0.149936;0.349936;7
71;"Psme";55;1.158824;1.358824;11
71;"Psme";55;2.061032;2.261032;14
71;"Psme";55;0.518744;0.718744;12
71;"Psme";55;0.430352;0.630352;11
72;"Psme";55;0.229184;0.429184;6
72;"Psme";55;0.018872;0.218872;4
72;"Psme";55;0.469976;0.669976;10
72;"Psme";55;1.228928;1.428928;13
72;"Psme";55;1.018616;1.218616;12
72;"Psme";55;0.149936;0.349936;7
72;"Psme";55;1.158824;1.358824;11
72;"Psme";55;2.061032;2.261032;14
72;"Psme";55;0.518744;0.718744;12
72;"Psme";55;0.430352;0.630352;11
73;"Psme";55;0.229184;0.429184;6
73;"Psme";55;0.018872;0.218872;4
73;"Psme";55;0.469976;0.669976;10
73;"Psme";55;1.228928;1.428928;13
73;"Psme";55;1.018616;1.218616;12
73;"Psme";55;0.149936;0.349936;7
73;"Psme";55;1.158824;1.358824;11
73;"Psme";55;2.061032;2.261032;14
73;"Psme";55;0.518744;0.718744;12
73;"Psme";55;0.430352;0.630352;11
74;"Psme";55;0.229184;0.429184;6
74;"Psme";55;0.018872;0.218872;4
74;"Psme";55;0.469976;0.669976;10
74;"Psme";55;1.228928;1.428928;13
74;"Psme";55;1.018616;1.218616;12
74;"Psme";55;0.149936;0.349936;7
74;"Psme";55;1.158824;1.358824;11
74;"Psme";55;2.061032;2.261032;14
74;"Psme";55;0.518744;0.718744;12
74;"Psme";55;0.430352;0.630352;11
75;"Psme";55;0.229184;0.429184;6
75;"Psme";55;0.018872;0.218872;4
75;"Psme";55;0.469976;0.669976;10
75;"Psme";55;1.228928;1.428928;13
75;"Psme";55;1.018616;1.218616;12
75;"Psme";55;0.149936;0.349936;7
75;"Psme";55;1.158824;1.358824;11
75;"Psme";55;2.061032;2.261032;14
75;"Psme";55;0.518744;0.718744;12
75;"Psme";55;0.430352;0.630352;11
76;"Psme";55;0.229184;0.429184;6
76;"Psme";55;0.018872;0.218872;4
76;"Psme";55;0.469976;0.669976;10
76;"Psme";55;1.228928;1.428928;13
76;"Psme";55;1.018616;1.218616;12
76;"Psme";55;0.149936;0.349936;7
76;"Psme";55;1.158824;1.358824;11
76;"Psme";55;2.061032;2.261032;14
76;"Psme";55;0.518744;0.718744;12
76;"Psme";55;0.430352;0.630352;11
77;"Psme";55;0.229184;0.429184;6
77;"Psme";55;0.018872;0.218872;4
77;"Psme";55;0.469976;0.669976;10
77;"Psme";55;1.228928;1.428928;13
77;"Psme";55;1.018616;1.218616;12
77;"Psme";55;0.149936;0.349936;7
77;"Psme";55;1.158824;1.358824;11
77;"Psme";55;2.061032;2.261032;14
77;"Psme";55;0.518744;0.718744;12
77;"Psme";55;0.430352;0.630352;11
78;"Psme";55;0.229184;0.429184;6
78;"Psme";55;0.018872;0.218872;4
78;"Psme";55;0.469976;0.669976;10
78;"Psme";55;1.228928;1.428928;13
78;"Psme";55;1.018616;1.218616;12
78;"Psme";55;0.149936;0.349936;7
78;"Psme";55;1.158824;1.358824;11
78;"Psme";55;2.061032;2.261032;14
78;"Psme";55;0.518744;0.718744;12
78;"Psme";55;0.430352;0.630352;11
79;"Psme";55;0.229184;0.429184;6
79;"Psme";55;0.018872;0.218872;4
79;"Psme";55;0.469976;0.669976;10
79;"Psme";55;1.228928;1.428928;13
79;"Psme";55;1.018616;1.218616;12
79;"Psme";55;0.149936;0.349936;7
79;"Psme";55;1.158824;1.358824;11
79;"Psme";55;2.061032;2.261032;14
79;"Psme";55;0.518744;0.718744;12
79;"Psme";55;0.430352;0.630352;11
80;"Psme";55;0.229184;0.429184;6
80;"Psme";55;0.018872;0.218872;4
80;"Psme";55;0.469976;0.669976;10
80;"Psme";55;1.228928;1.428928;13
80;"Psme";55;1.018616;1.218616;12
80;"Psme";55;0.149936;0.349936;7
80;"Psme";55;1.158824;1.358824;11
80;"Psme";55;2.061032;2.261032;14
80;"Psme";55;0.518744;0.718744;12
80;"Psme";55;0.430352;0.630352;11
81;"Psme";55;0.229184;0.429184;6
81;"Psme";55;0.018872;0.218872;4
81;"Psme";55;0.469976;0.669976;10
81;"Psme";55;1.228928;1.428928;13
81;"Psme";55;1.018616;1.218616;12
81;"Psme";55;0.149936;0.349936;7
81;"Psme";55;1.158824;1.358824;11
81;"Psme";55;2.061032;2.261032;14
81;"Psme";55;0.518744;0.718744;12
81;"Psme";55;0.430352;0.630352;11
82;"Psme";55;0.229184;0.429184;6
82;"Psme";55;0.018872;0.218872;4
82;"Psme";55;0.469976;0.669976;10
82;"Psme";55;1.228928;1.428928;13
82;"Psme";55;1.018616;1.218616;12
82;"Psme";55;0.149936;0.349936;7
82;"Psme";55;1.158824;1.358824;11
82;"Psme";55;2.061032;2.261032;14
82;"Psme";55;0.518744;0.718744;12
82;"Psme";55;0.430352;0.630352;11
83;"Psme";55;0.229184;0.429184;6
83;"Psme";55;0.018872;0.218872;4
83;"Psme";55;0.469976;0.669976;10
83;"Psme";55;1.228928;1.428928;13
83;"Psme";55;1.018616;1.218616;12
83;"Psme";55;0.149936;0.349936;7
83;"Psme";55;1.158824;1.358824;11
83;"Psme";55;2.061032;2.261032;14
83;"Psme";55;0.518744;0.718744;12
83;"Psme";55;0.430352;0.630352;11
84;"Psme";55;0.229184;0.429184;6
84;"Psme";55;0.018872;0.218872;4
84;"Psme";55;0.469976;0.669976;10
84;"Psme";55;1.228928;1.428928;13
84;"Psme";55;1.018616;1.218616;12
84;"Psme";55;0.149936;0.349936;7
84;"Psme";55;1.158824;1.358824;11
84;"Psme";55;2.061032;2.261032;14
84;"Psme";55;0.518744;0.718744;12
84;"Psme";55;0.430352;0.630352;11
85;"Psme";55;0.229184;0.429184;6
85;"Psme";55;0.018872;0.218872;4
85;"Psme";55;0.469976;0.669976;10
85;"Psme";55;1.228928;1.428928;13
85;"Psme";55;1.018616;1.218616;12
85;"Psme";55;0.149936;0.349936;7
85;"Psme";55;1.158824;1.358824;11
85;"Psme";55;2.061032;2.261032;14
85;"Psme";55;0.518744;0.718744;12
85;"Psme";55;0.430352;0.630352;11
86;"Psme";55;0.229184;0.429184;6
86;"Psme";55;0.018872;0.218872;4
86;"Psme";55;0.469976;0.669976;10
86;"Psme";55;1.228928;1.428928;13
86;"Psme";55;1.018616;1.218616;12
86;"Psme";55;0.149936;0.349936;7
86;"Psme";55;1.158824;1.358824;11
86;"Psme";55;2.061032;2.261032;14
86;"Psme";55;0.518744;0.718744;12
86;"Psme";55;0.430352;0.630352;11
87;"Psme";55;0.229184;0.429184;6
87;"Psme";55;0.018872;0.218872;4
87;"Psme";55;0.469976;0.669976;10
87;"Psme";55;1.228928;1.428928;13
87;"Psme";55;1.018616;1.218616;12
87;"Psme";55;0.149936;0.349936;7
87;"Psme";55;1.158824;1.358824;11
87;"Psme";55;2.061032;2.261032;14
87;"Psme";55;0.518744;0.718744;12
87;"Psme";55;0.430352;0.630352;11
88;"Psme";55;0.229184;0.429184;6
88;"Psme";55;0.018872;0.218872;4
88;"Psme";55;0.469976;0.669976;10
88;"Psme";55;1.228928;1.428928;13
88;"Psme";55;1.018616;1.218616;12
88;"Psme";55;0.149936;0.349936;7
88;"Psme";55;1.158824;1.358824;11
88;"Psme";55;2.061032;2.261032;14
88;"Psme";55;0.518744;0.718744;12
88;"Psme";55;0.430352;0.630352;11
89;"Psme";55;0.229184;0.429184;6
89;"Psme";55;0.018872;0.218872;4
89;"Psme";55;0.469976;0.669976;10
89;"Psme";55;1.228928;1.428928;13
89;"Psme";55;1.018616;1.218616;12
89;"Psme";55;0.149936;0.349936;7
89;"Psme";55;1.158824;1.358824;11
89;"Psme";55;2.061032;2.261032;14
89;"Psme";55;0.518744;0.718744;12
89;"Psme";55;0.430352;0.630352;11
90;"Psme";55;0.229184;0.429184;6
90;"Psme";55;0.018872;0.218872;4
90;"Psme";55;0.469976;0.669976;10
90;"Psme";55;1.228928;1.428928;13
90;"Psme";55;1.018616;1.218616;12
90;"Psme";55;0.149936;0.349936;7
90;"Psme";55;1.158824;1.358824;11
90;"Psme";55;2.061032;2.261032;14
90;"Psme";55;0.518744;0.718744;12
90;"Psme";55;0.430352;0.630352;11
91;"Psme";55;0.229184;0.429184;6
91;"Psme";55;0.018872;0.218872;4
91;"Psme";55;0.469976;0.669976;10
91;"Psme";55;1.228928;1.428928;13
91;"Psme";55;1.018616;1.218616;12
91;"Psme";55;0.149936;0.349936;7
91;"Psme";55;1.158824;1.358824;11
91;"Psme";55;2.061032;2.261032;14
91;"Psme";55;0.518744;0.718744;12
91;"Psme";55;0.430352;0.630352;11
92;"Psme";55;0.229184;0.429184;6
92;"Psme";55;0.018872;0.218872;4
92;"Psme";55;0.469976;0.669976;10
92;"Psme";55;1.228928;1.428928;13
92;"Psme";55;1.018616;1.218616;12
92;"Psme";55;0.149936;0.349936;7
92;"Psme";55;1.158824;1.358824;11
92;"Psme";55;2.061032;2.261032;14
92;"Psme";55;0.518744;0.718744;12
92;"Psme";55;0.430352;0.630352;11
93;"Psme";55;0.229184;0.429184;6
93;"Psme";55;0.018872;0.218872;4
93;"Psme";55;0.469976;0.669976;10
93;"Psme";55;1.228928;1.428928;13
93;"Psme";55;1.018616;1.218616;12
93;"Psme";55;0.149936;0.349936;7
93;"Psme";55;1.158824;1.358824;11
93;"Psme";55;2.061032;2.261032;14
93;"Psme";55;0.518744;0.718744;12
93;"Psme";55;0.430352;0.630352;11
94;"Psme";55;0.229184;0.429184;6
94;"Psme";55;0.018872;0.218872;4
94;"Psme";55;0.469976;0.669976;10
94;"Psme";55;1.228928;1.428928;13
94;"Psme";55;1.018616;1.218616;12
94;"Psme";55;0.149936;0.349936;7
94;"Psme";55;1.158824;1.358824;11
94;"Psme";55;2.061032;2.261032;14
94;"Psme";55;0.518744;0.718744;12
94;"Psme";55;0.430352;0.630352;11
95;"Psme";55;0.229184;0.429184;6
95;"Psme";55;0.018872;0.218872;4
95;"Psme";55;0.469976;0.669976;10
95;"Psme";55;1.228928;1.428928;13
95;"Psme";55;1.018616;1.218616;12
95;"Psme";55;0.149936;0.349936;7
95;"Psme";55;1.158824;1.358824;11
95;"Psme";55;2.061032;2.261032;14
95;"Psme";55;0.518744;0.718744;12
95;"Psme";55;0.430352;0.630352;11
96;"Psme";55;0.229184;0.429184;6
96;"Psme";55;0.018872;0.218872;4
96;"Psme";55;0.469976;0.669976;10
96;"Psme";55;1.228928;1.428928;13
96;"Psme";55;1.018616;1.218616;12
96;"Psme";55;0.149936;0.349936;7
96;"Psme";55;1.158824;1.358824;11
96;"Psme";55;2.061032;2.261032;14
96;"Psme";55;0.518744;0.718744;12
96;"Psme";55;0.430352;0.630352;11
97;"Psme";55;0.229184;0.429184;6
97;"Psme";55;0.018872;0.218872;4
97;"Psme";55;0.469976;0.669976;10
97;"Psme";55;1.228928;1.428928;13
97;"Psme";55;1.018616;1.218616;12
97;"Psme";55;0.149936;0.349936;7
97;"Psme";55;1.158824;1.358824;11
97;"Psme";55;2.061032;2.261032;14
97;"Psme";55;0.518744;0.718744;12
97;"Psme";55;0.430352;0.630352;11
98;"Psme";55;0.229184;0.429184;6
98;"Psme";55;0.018872;0.218872;4
98;"Psme";55;0.469976;0.669976;10
98;"Psme";55;1.228928;1.428928;13
98;"Psme";55;1.018616;1.218616;12
98;"Psme";55;0.149936;0.349936;7
98;"Psme";55;1.158824;1.358824;11
98;"Psme";55;2.061032;2.261032;14
98;"Psme";55;0.518744;0.718744;12
98;"Psme";55;0.430352;0.630352;11
99;"Psme";55;0.229184;0.429184;6
99;"Psme";55;0.018872;0.218872;4
99;"Psme";55;0.469976;0.669976;10
99;"Psme";55;1.228928;1.428928;13
99;"Psme";55;1.018616;1.218616;12
99;"Psme";55;0.149936;0.349936;7
99;"Psme";55;1.158824;1.358824;11
99;"Psme";55;2.061032;2.261032;14
99;"Psme";55;0.518744;0.718744;12
99;"Psme";55;0.430352;0.630352;11
100;"Psme";55;0.229184;0.429184;6
100;"Psme";55;0.018872;0.218872;4
100;"Psme";55;0.469976;0.669976;10
100;"Psme";55;1.228928;1.428928;13
100;"Psme";55;1.018616;1.218616;12
100;"Psme";55;0.149936;0.349936;7
100;"Psme";55;1.158824;1.358824;11
100;"Psme";55;2.061032;2.261032;14
100;"Psme";55;0.518744;0.718744;12
100;"Psme";55;0.430352;0.630352;11
101;"Psme";55;0.229184;0.429184;6
101;"Psme";55;0.018872;0.218872;4
101;"Psme";55;0.469976;0.669976;10
101;"Psme";55;1.228928;1.428928;13
101;"Psme";55;1.018616;1.218616;12
101;"Psme";55;0.149936;0.349936;7
101;"Psme";55;1.158824;1.358824;11
101;"Psme";55;2.061032;2.261032;14
101;"Psme";55;0.518744;0.718744;12
101;"Psme";55;0.430352;0.630352;11
102;"Psme";55;0.229184;0.429184;6
102;"Psme";55;0.018872;0.218872;4
102;"Psme";55;0.469976;0.669976;10
102;"Psme";55;1.228928;1.428928;13
102;"Psme";55;1.018616;1.218616;12
102;"Psme";55;0.149936;0.349936;7
102;"Psme";55;1.158824;1.358824;11
102;"Psme";55;2.061032;2.261032;14
102;"Psme";55;0.518744;0.718744;12
102;"Psme";55;0.430352;0.630352;11
103;"Psme";55;0.229184;0.429184;6
103;"Psme";55;0.018872;0.218872;4
103;"Psme";55;0.469976;0.669976;10
103;"Psme";55;1.228928;1.428928;13
103;"Psme";55;1.018616;1.218616;12
103;"Psme";55;0.149936;0.349936;7
103;"Psme";55;1.158824;1.358824;11
103;"Psme";55;2.061032;2.261032;14
103;"Psme";55;0.518744;0.718744;12
103;"Psme";55;0.430352;0.630352;11
104;"Psme";55;0.229184;0.429184;6
104;"Psme";55;0.018872;0.218872;4
104;"Psme";55;0.469976;0.669976;10
104;"Psme";55;1.228928;1.428928;13
104;"Psme";55;1.018616;1.218616;12
104;"Psme";55;0.149936;0.349936;7
104;"Psme";55;1.158824;1.358824;11
104;"Psme";55;2.061032;2.261032;14
104;"Psme";55;0.518744;0.718744;12
104;"Psme";55;0.430352;0.630352;11
105;"Psme";55;0.229184;0.429184;6
105;"Psme";55;0.018872;0.218872;4
105;"Psme";55;0.469976;0.669976;10
105;"Psme";55;1.228928;1.428928;13
105;"Psme";55;1.018616;1.218616;12
105;"Psme";55;0.149936;0.349936;7
105;"Psme";55;1.158824;1.358824;11
105;"Psme";55;2.061032;2.261032;14
105;"Psme";55;0.518744;0.718744;12
105;"Psme";55;0.430352;0.630352;11
106;"Psme";55;0.229184;0.429184;6
106;"Psme";55;0.018872;0.218872;4
106;"Psme";55;0.469976;0.669976;10
106;"Psme";55;1.228928;1.428928;13
106;"Psme";55;1.018616;1.218616;12
106;"Psme";55;0.149936;0.349936;7
106;"Psme";55;1.158824;1.358824;11
106;"Psme";55;2.061032;2.261032;14
106;"Psme";55;0.518744;0.718744;12
106;"Psme";55;0.430352;0.630352;11
107;"Psme";55;0.229184;0.429184;6
107;"Psme";55;0.018872;0.218872;4
107;"Psme";55;0.469976;0.669976;10
107;"Psme";55;1.228928;1.428928;13
107;"Psme";55;1.018616;1.218616;12
107;"Psme";55;0.149936;0.349936;7
107;"Psme";55;1.158824;1.358824;11
107;"Psme";55;2.061032;2.261032;14
107;"Psme";55;0.518744;0.718744;12
107;"Psme";55;0.430352;0.630352;11
108;"Psme";55;0.229184;0.429184;6
108;"Psme";55;0.018872;0.218872;4
108;"Psme";55;0.469976;0.669976;10
108;"Psme";55;1.228928;1.428928;13
108;"Psme";55;1.018616;1.218616;12
108;"Psme";55;0.149936;0.349936;7
108;"Psme";55;1.158824;1.358824;11
108;"Psme";55;2.061032;2.261032;14
108;"Psme";55;0.518744;0.718744;12
108;"Psme";55;0.430352;0.630352;11
109;"Psme";55;0.229184;0.429184;6
109;"Psme";55;0.018872;0.218872;4
109;"Psme";55;0.469976;0.669976;10
109;"Psme";55;1.228928;1.428928;13
109;"Psme";55;1.018616;1.218616;12
109;"Psme";55;0.149936;0.349936;7
109;"Psme";55;1.158824;1.358824;11
109;"Psme";55;2.061032;2.261032;14
109;"Psme";55;0.518744;0.718744;12
109;"Psme";55;0.430352;0.630352;11
110;"Psme";55;0.229184;0.429184;6
110;"Psme";55;0.018872;0.218872;4
110;"Psme";55;0.469976;0.669976;10
110;"Psme";55;1.228928;1.428928;13
110;"Psme";55;1.018616;1.218616;12
110;"Psme";55;0.149936;0.349936;7
110;"Psme";55;1.158824;1.358824;11
110;"Psme";55;2.061032;2.261032;14
110;"Psme";55;0.518744;0.718744;12
110;"Psme";55;0.430352;0.630352;11
111;"Psme";55;0.229184;0.429184;6
111;"Psme";55;0.018872;0.218872;4
111;"Psme";55;0.469976;0.669976;10
111;"Psme";55;1.228928;1.428928;13
111;"Psme";55;1.018616;1.218616;12
111;"Psme";55;0.149936;0.349936;7
111;"Psme";55;1.158824;1.358824;11
111;"Psme";55;2.061032;2.261032;14
111;"Psme";55;0.518744;0.718744;12
111;"Psme";55;0.430352;0.630352;11
112;"Psme";55;0.229184;0.429184;6
112;"Psme";55;0.018872;0.218872;4
112;"Psme";55;0.469976;0.669976;10
112;"Psme";55;1.228928;1.428928;13
112;"Psme";55;1.018616;1.218616;12
112;"Psme";55;0.149936;0.349936;7
112;"Psme";55;1.158824;1.358824;11
112;"Psme";55;2.061032;2.261032;14
112;"Psme";55;0.518744;0.718744;12
112;"Psme";55;0.430352;0.630352;11
113;"Psme";55;0.229184;0.429184;6
113;"Psme";55;0.018872;0.218872;4
113;"Psme";55;0.469976;0.669976;10
113;"Psme";55;1.228928;1.428928;13
113;"Psme";55;1.018616;1.218616;12
113;"Psme";55;0.149936;0.349936;7
113;"Psme";55;1.158824;1.358824;11
113;"Psme";55;2.061032;2.261032;14
113;"Psme";55;0.518744;0.718744;12
113;"Psme";55;0.430352;0.630352;11
114;"Psme";55;0.229184;0.429184;6
114;"Psme";55;0.018872;0.218872;4
114;"Psme";55;0.469976;0.669976;10
114;"Psme";55;1.228928;1.428928;13
114;"Psme";55;1.018616;1.218616;12
114;"Psme";55;0.149936;0.349936;7
114;"Psme";55;1.158824;1.358824;11
114;"Psme";55;2.061032;2.261032;14
114;"Psme";55;0.518744;0.718744;12
114;"Psme";55;0.430352;0.630352;11
115;"Psme";55;0.229184;0.429184;6
115;"Psme";55;0.018872;0.218872;4
115;"Psme";55;0.469976;0.669976;10
115;"Psme";55;1.228928;1.428928;13
115;"Psme";55;1.018616;1.218616;12
115;"Psme";55;0.149936;0.349936;7
115;"Psme";55;1.158824;1.358824;11
115;"Psme";55;2.061032;2.261032;14
115;"Psme";55;0.518744;0.718744;12
115;"Psme";55;0.430352;0.630352;11
116;"Psme";55;0.229184;0.429184;6
116;"Psme";55;0.018872;0.218872;4
116;"Psme";55;0.469976;0.669976;10
116;"Psme";55;1.228928;1.428928;13
116;"Psme";55;1.018616;1.218616;12
116;"Psme";55;0.149936;0.349936;7
116;"Psme";55;1.158824;1.358824;11
116;"Psme";55;2.061032;2.261032;14
116;"Psme";55;0.518744;0.718744;12
116;"Psme";55;0.430352;0.630352;11
117;"Psme";55;0.229184;0.429184;6
117;"Psme";55;0.018872;0.218872;4
117;"Psme";55;0.469976;0.669976;10
117;"Psme";55;1.228928;1.428928;13
117;"Psme";55;1.018616;1.218616;12
117;"Psme";55;0.149936;0.349936;7
117;"Psme";55;1.158824;1.358824;11
117;"Psme";55;2.061032;2.261032;14
117;"Psme";55;0.518744;0.718744;12
117;"Psme";55;0.430352;0.630352;11
118;"Psme";55;0.229184;0.429184;6
118;"Psme";55;0.018872;0.218872;4
118;"Psme";55;0.469976;0.669976;10
118;"Psme";55;1.228928;1.428928;13
118;"Psme";55;1.018616;1.218616;12
118;"Psme";55;0.149936;0.349936;7
118;"Psme";55;1.158824;1.358824;11
118;"Psme";55;2.061032;2.261032;14
118;"Psme";55;0.518744;0.718744;12
118;"Psme";55;0.430352;0.630352;11
119;"Psme";55;0.229184;0.429184;6
119;"Psme";55;0.018872;0.218872;4
119;"Psme";55;0.469976;0.669976;10
119;"Psme";55;1.228928;1.428928;13
119;"Psme";55;1.018616;1.218616;12
119;"Psme";55;0.149936;0.349936;7
119;"Psme";55;1.158824;1.358824;11
119;"Psme";55;2.061032;2.261032;14
119;"Psme";55;0.518744;0.718744;12
119;"Psme";55;0.430352;0.630352;11
120;"Psme";55;0.229184;0.429184;6
120;"Psme";55;0.018872;0.218872;4
120;"Psme";55;0.469976;0.669976;10
120;"Psme";55;1.228928;1.428928;13
120;"Psme";55;1.018616;1.218616;12
120;"Psme";55;0.149936;0.349936;7
120;"Psme";55;1.158824;1.358824;11
120;"Psme";55;2.061032;2.261032;14
120;"Psme";55;0.518744;0.718744;12
120;"Psme";55;0.430352;0.630352;11
