"stand_id";"species";"count";"height_from";"height_to";"age"
1;"PicS";2880;0.602;0.802;11
1;"PicS";2880;1.049;1.249;11
1;"PicS";2880;0.824;1.024;11
1;"PicS";2880;0.782;0.982;11
1;"PicS";2880;1.007;1.207;11
1;"PicS";2880;1.149;1.349;11
1;"PicS";2880;0.969;1.169;11
1;"PicS";2880;1.221;1.421;11
1;"PicS";2880;0.634;0.834;11
1;"PicS";2880;1.257;1.457;11
1;"PicS";2880;0.871;1.071;11
1;"PicS";2880;1.035;1.235;11
1;"PicS";2880;0.429;0.629;11
1;"PicS";2880;1.07;1.27;11
1;"PicS";2880;0.947;1.147;11
1;"PicS";2880;0.6;0.8;11
1;"PicS";2880;0.604;0.804;11
1;"PicS";2880;0.434;0.634;11
1;"PicS";2880;0.281;0.481;11
1;"PicS";2880;0.676;0.876;11
1;"PicS";2880;0.844;1.044;11
1;"PicS";2880;0.508;0.708;11
1;"PicS";2880;0.705;0.905;11
1;"PicS";2880;0.552;0.752;11
1;"PicS";2880;0.373;0.573;11
2;"PicS";2880;0.602;0.802;11
2;"PicS";2880;1.049;1.249;11
2;"PicS";2880;0.824;1.024;11
2;"PicS";2880;0.782;0.982;11
2;"PicS";2880;1.007;1.207;11
2;"PicS";2880;1.149;1.349;11
2;"PicS";2880;0.969;1.169;11
2;"PicS";2880;1.221;1.421;11
2;"PicS";2880;0.634;0.834;11
2;"PicS";2880;1.257;1.457;11
2;"PicS";2880;0.871;1.071;11
2;"PicS";2880;1.035;1.235;11
2;"PicS";2880;0.429;0.629;11
2;"PicS";2880;1.07;1.27;11
2;"PicS";2880;0.947;1.147;11
2;"PicS";2880;0.6;0.8;11
2;"PicS";2880;0.604;0.804;11
2;"PicS";2880;0.434;0.634;11
2;"PicS";2880;0.281;0.481;11
2;"PicS";2880;0.676;0.876;11
2;"PicS";2880;0.844;1.044;11
2;"PicS";2880;0.508;0.708;11
2;"PicS";2880;0.705;0.905;11
2;"PicS";2880;0.552;0.752;11
2;"PicS";2880;0.373;0.573;11
3;"PicS";2880;0.602;0.802;11
3;"PicS";2880;1.049;1.249;11
3;"PicS";2880;0.824;1.024;11
3;"PicS";2880;0.782;0.982;11
3;"PicS";2880;1.007;1.207;11
3;"PicS";2880;1.149;1.349;11
3;"PicS";2880;0.969;1.169;11
3;"PicS";2880;1.221;1.421;11
3;"PicS";2880;0.634;0.834;11
3;"PicS";2880;1.257;1.457;11
3;"PicS";2880;0.871;1.071;11
3;"PicS";2880;1.035;1.235;11
3;"PicS";2880;0.429;0.629;11
3;"PicS";2880;1.07;1.27;11
3;"PicS";2880;0.947;1.147;11
3;"PicS";2880;0.6;0.8;11
3;"PicS";2880;0.604;0.804;11
3;"PicS";2880;0.434;0.634;11
3;"PicS";2880;0.281;0.481;11
3;"PicS";2880;0.676;0.876;11
3;"PicS";2880;0.844;1.044;11
3;"PicS";2880;0.508;0.708;11
3;"PicS";2880;0.705;0.905;11
3;"PicS";2880;0.552;0.752;11
3;"PicS";2880;0.373;0.573;11
4;"PicS";2880;0.602;0.802;11
4;"PicS";2880;1.049;1.249;11
4;"PicS";2880;0.824;1.024;11
4;"PicS";2880;0.782;0.982;11
4;"PicS";2880;1.007;1.207;11
4;"PicS";2880;1.149;1.349;11
4;"PicS";2880;0.969;1.169;11
4;"PicS";2880;1.221;1.421;11
4;"PicS";2880;0.634;0.834;11
4;"PicS";2880;1.257;1.457;11
4;"PicS";2880;0.871;1.071;11
4;"PicS";2880;1.035;1.235;11
4;"PicS";2880;0.429;0.629;11
4;"PicS";2880;1.07;1.27;11
4;"PicS";2880;0.947;1.147;11
4;"PicS";2880;0.6;0.8;11
4;"PicS";2880;0.604;0.804;11
4;"PicS";2880;0.434;0.634;11
4;"PicS";2880;0.281;0.481;11
4;"PicS";2880;0.676;0.876;11
4;"PicS";2880;0.844;1.044;11
4;"PicS";2880;0.508;0.708;11
4;"PicS";2880;0.705;0.905;11
4;"PicS";2880;0.552;0.752;11
4;"PicS";2880;0.373;0.573;11
5;"PicS";2880;0.602;0.802;11
5;"PicS";2880;1.049;1.249;11
5;"PicS";2880;0.824;1.024;11
5;"PicS";2880;0.782;0.982;11
5;"PicS";2880;1.007;1.207;11
5;"PicS";2880;1.149;1.349;11
5;"PicS";2880;0.969;1.169;11
5;"PicS";2880;1.221;1.421;11
5;"PicS";2880;0.634;0.834;11
5;"PicS";2880;1.257;1.457;11
5;"PicS";2880;0.871;1.071;11
5;"PicS";2880;1.035;1.235;11
5;"PicS";2880;0.429;0.629;11
5;"PicS";2880;1.07;1.27;11
5;"PicS";2880;0.947;1.147;11
5;"PicS";2880;0.6;0.8;11
5;"PicS";2880;0.604;0.804;11
5;"PicS";2880;0.434;0.634;11
5;"PicS";2880;0.281;0.481;11
5;"PicS";2880;0.676;0.876;11
5;"PicS";2880;0.844;1.044;11
5;"PicS";2880;0.508;0.708;11
5;"PicS";2880;0.705;0.905;11
5;"PicS";2880;0.552;0.752;11
5;"PicS";2880;0.373;0.573;11
6;"PicS";2880;0.602;0.802;11
6;"PicS";2880;1.049;1.249;11
6;"PicS";2880;0.824;1.024;11
6;"PicS";2880;0.782;0.982;11
6;"PicS";2880;1.007;1.207;11
6;"PicS";2880;1.149;1.349;11
6;"PicS";2880;0.969;1.169;11
6;"PicS";2880;1.221;1.421;11
6;"PicS";2880;0.634;0.834;11
6;"PicS";2880;1.257;1.457;11
6;"PicS";2880;0.871;1.071;11
6;"PicS";2880;1.035;1.235;11
6;"PicS";2880;0.429;0.629;11
6;"PicS";2880;1.07;1.27;11
6;"PicS";2880;0.947;1.147;11
6;"PicS";2880;0.6;0.8;11
6;"PicS";2880;0.604;0.804;11
6;"PicS";2880;0.434;0.634;11
6;"PicS";2880;0.281;0.481;11
6;"PicS";2880;0.676;0.876;11
6;"PicS";2880;0.844;1.044;11
6;"PicS";2880;0.508;0.708;11
6;"PicS";2880;0.705;0.905;11
6;"PicS";2880;0.552;0.752;11
6;"PicS";2880;0.373;0.573;11
7;"PicS";2880;0.602;0.802;11
7;"PicS";2880;1.049;1.249;11
7;"PicS";2880;0.824;1.024;11
7;"PicS";2880;0.782;0.982;11
7;"PicS";2880;1.007;1.207;11
7;"PicS";2880;1.149;1.349;11
7;"PicS";2880;0.969;1.169;11
7;"PicS";2880;1.221;1.421;11
7;"PicS";2880;0.634;0.834;11
7;"PicS";2880;1.257;1.457;11
7;"PicS";2880;0.871;1.071;11
7;"PicS";2880;1.035;1.235;11
7;"PicS";2880;0.429;0.629;11
7;"PicS";2880;1.07;1.27;11
7;"PicS";2880;0.947;1.147;11
7;"PicS";2880;0.6;0.8;11
7;"PicS";2880;0.604;0.804;11
7;"PicS";2880;0.434;0.634;11
7;"PicS";2880;0.281;0.481;11
7;"PicS";2880;0.676;0.876;11
7;"PicS";2880;0.844;1.044;11
7;"PicS";2880;0.508;0.708;11
7;"PicS";2880;0.705;0.905;11
7;"PicS";2880;0.552;0.752;11
7;"PicS";2880;0.373;0.573;11
8;"PicS";2880;0.602;0.802;11
8;"PicS";2880;1.049;1.249;11
8;"PicS";2880;0.824;1.024;11
8;"PicS";2880;0.782;0.982;11
8;"PicS";2880;1.007;1.207;11
8;"PicS";2880;1.149;1.349;11
8;"PicS";2880;0.969;1.169;11
8;"PicS";2880;1.221;1.421;11
8;"PicS";2880;0.634;0.834;11
8;"PicS";2880;1.257;1.457;11
8;"PicS";2880;0.871;1.071;11
8;"PicS";2880;1.035;1.235;11
8;"PicS";2880;0.429;0.629;11
8;"PicS";2880;1.07;1.27;11
8;"PicS";2880;0.947;1.147;11
8;"PicS";2880;0.6;0.8;11
8;"PicS";2880;0.604;0.804;11
8;"PicS";2880;0.434;0.634;11
8;"PicS";2880;0.281;0.481;11
8;"PicS";2880;0.676;0.876;11
8;"PicS";2880;0.844;1.044;11
8;"PicS";2880;0.508;0.708;11
8;"PicS";2880;0.705;0.905;11
8;"PicS";2880;0.552;0.752;11
8;"PicS";2880;0.373;0.573;11
9;"PicS";2880;0.602;0.802;11
9;"PicS";2880;1.049;1.249;11
9;"PicS";2880;0.824;1.024;11
9;"PicS";2880;0.782;0.982;11
9;"PicS";2880;1.007;1.207;11
9;"PicS";2880;1.149;1.349;11
9;"PicS";2880;0.969;1.169;11
9;"PicS";2880;1.221;1.421;11
9;"PicS";2880;0.634;0.834;11
9;"PicS";2880;1.257;1.457;11
9;"PicS";2880;0.871;1.071;11
9;"PicS";2880;1.035;1.235;11
9;"PicS";2880;0.429;0.629;11
9;"PicS";2880;1.07;1.27;11
9;"PicS";2880;0.947;1.147;11
9;"PicS";2880;0.6;0.8;11
9;"PicS";2880;0.604;0.804;11
9;"PicS";2880;0.434;0.634;11
9;"PicS";2880;0.281;0.481;11
9;"PicS";2880;0.676;0.876;11
9;"PicS";2880;0.844;1.044;11
9;"PicS";2880;0.508;0.708;11
9;"PicS";2880;0.705;0.905;11
9;"PicS";2880;0.552;0.752;11
9;"PicS";2880;0.373;0.573;11
10;"PicS";2880;0.602;0.802;11
10;"PicS";2880;1.049;1.249;11
10;"PicS";2880;0.824;1.024;11
10;"PicS";2880;0.782;0.982;11
10;"PicS";2880;1.007;1.207;11
10;"PicS";2880;1.149;1.349;11
10;"PicS";2880;0.969;1.169;11
10;"PicS";2880;1.221;1.421;11
10;"PicS";2880;0.634;0.834;11
10;"PicS";2880;1.257;1.457;11
10;"PicS";2880;0.871;1.071;11
10;"PicS";2880;1.035;1.235;11
10;"PicS";2880;0.429;0.629;11
10;"PicS";2880;1.07;1.27;11
10;"PicS";2880;0.947;1.147;11
10;"PicS";2880;0.6;0.8;11
10;"PicS";2880;0.604;0.804;11
10;"PicS";2880;0.434;0.634;11
10;"PicS";2880;0.281;0.481;11
10;"PicS";2880;0.676;0.876;11
10;"PicS";2880;0.844;1.044;11
10;"PicS";2880;0.508;0.708;11
10;"PicS";2880;0.705;0.905;11
10;"PicS";2880;0.552;0.752;11
10;"PicS";2880;0.373;0.573;11
11;"PicS";2880;0.602;0.802;11
11;"PicS";2880;1.049;1.249;11
11;"PicS";2880;0.824;1.024;11
11;"PicS";2880;0.782;0.982;11
11;"PicS";2880;1.007;1.207;11
11;"PicS";2880;1.149;1.349;11
11;"PicS";2880;0.969;1.169;11
11;"PicS";2880;1.221;1.421;11
11;"PicS";2880;0.634;0.834;11
11;"PicS";2880;1.257;1.457;11
11;"PicS";2880;0.871;1.071;11
11;"PicS";2880;1.035;1.235;11
11;"PicS";2880;0.429;0.629;11
11;"PicS";2880;1.07;1.27;11
11;"PicS";2880;0.947;1.147;11
11;"PicS";2880;0.6;0.8;11
11;"PicS";2880;0.604;0.804;11
11;"PicS";2880;0.434;0.634;11
11;"PicS";2880;0.281;0.481;11
11;"PicS";2880;0.676;0.876;11
11;"PicS";2880;0.844;1.044;11
11;"PicS";2880;0.508;0.708;11
11;"PicS";2880;0.705;0.905;11
11;"PicS";2880;0.552;0.752;11
11;"PicS";2880;0.373;0.573;11
12;"PicS";2880;0.602;0.802;11
12;"PicS";2880;1.049;1.249;11
12;"PicS";2880;0.824;1.024;11
12;"PicS";2880;0.782;0.982;11
12;"PicS";2880;1.007;1.207;11
12;"PicS";2880;1.149;1.349;11
12;"PicS";2880;0.969;1.169;11
12;"PicS";2880;1.221;1.421;11
12;"PicS";2880;0.634;0.834;11
12;"PicS";2880;1.257;1.457;11
12;"PicS";2880;0.871;1.071;11
12;"PicS";2880;1.035;1.235;11
12;"PicS";2880;0.429;0.629;11
12;"PicS";2880;1.07;1.27;11
12;"PicS";2880;0.947;1.147;11
12;"PicS";2880;0.6;0.8;11
12;"PicS";2880;0.604;0.804;11
12;"PicS";2880;0.434;0.634;11
12;"PicS";2880;0.281;0.481;11
12;"PicS";2880;0.676;0.876;11
12;"PicS";2880;0.844;1.044;11
12;"PicS";2880;0.508;0.708;11
12;"PicS";2880;0.705;0.905;11
12;"PicS";2880;0.552;0.752;11
12;"PicS";2880;0.373;0.573;11
13;"PicS";2880;0.602;0.802;11
13;"PicS";2880;1.049;1.249;11
13;"PicS";2880;0.824;1.024;11
13;"PicS";2880;0.782;0.982;11
13;"PicS";2880;1.007;1.207;11
13;"PicS";2880;1.149;1.349;11
13;"PicS";2880;0.969;1.169;11
13;"PicS";2880;1.221;1.421;11
13;"PicS";2880;0.634;0.834;11
13;"PicS";2880;1.257;1.457;11
13;"PicS";2880;0.871;1.071;11
13;"PicS";2880;1.035;1.235;11
13;"PicS";2880;0.429;0.629;11
13;"PicS";2880;1.07;1.27;11
13;"PicS";2880;0.947;1.147;11
13;"PicS";2880;0.6;0.8;11
13;"PicS";2880;0.604;0.804;11
13;"PicS";2880;0.434;0.634;11
13;"PicS";2880;0.281;0.481;11
13;"PicS";2880;0.676;0.876;11
13;"PicS";2880;0.844;1.044;11
13;"PicS";2880;0.508;0.708;11
13;"PicS";2880;0.705;0.905;11
13;"PicS";2880;0.552;0.752;11
13;"PicS";2880;0.373;0.573;11
14;"PicS";2880;0.602;0.802;11
14;"PicS";2880;1.049;1.249;11
14;"PicS";2880;0.824;1.024;11
14;"PicS";2880;0.782;0.982;11
14;"PicS";2880;1.007;1.207;11
14;"PicS";2880;1.149;1.349;11
14;"PicS";2880;0.969;1.169;11
14;"PicS";2880;1.221;1.421;11
14;"PicS";2880;0.634;0.834;11
14;"PicS";2880;1.257;1.457;11
14;"PicS";2880;0.871;1.071;11
14;"PicS";2880;1.035;1.235;11
14;"PicS";2880;0.429;0.629;11
14;"PicS";2880;1.07;1.27;11
14;"PicS";2880;0.947;1.147;11
14;"PicS";2880;0.6;0.8;11
14;"PicS";2880;0.604;0.804;11
14;"PicS";2880;0.434;0.634;11
14;"PicS";2880;0.281;0.481;11
14;"PicS";2880;0.676;0.876;11
14;"PicS";2880;0.844;1.044;11
14;"PicS";2880;0.508;0.708;11
14;"PicS";2880;0.705;0.905;11
14;"PicS";2880;0.552;0.752;11
14;"PicS";2880;0.373;0.573;11
15;"PicS";2880;0.602;0.802;11
15;"PicS";2880;1.049;1.249;11
15;"PicS";2880;0.824;1.024;11
15;"PicS";2880;0.782;0.982;11
15;"PicS";2880;1.007;1.207;11
15;"PicS";2880;1.149;1.349;11
15;"PicS";2880;0.969;1.169;11
15;"PicS";2880;1.221;1.421;11
15;"PicS";2880;0.634;0.834;11
15;"PicS";2880;1.257;1.457;11
15;"PicS";2880;0.871;1.071;11
15;"PicS";2880;1.035;1.235;11
15;"PicS";2880;0.429;0.629;11
15;"PicS";2880;1.07;1.27;11
15;"PicS";2880;0.947;1.147;11
15;"PicS";2880;0.6;0.8;11
15;"PicS";2880;0.604;0.804;11
15;"PicS";2880;0.434;0.634;11
15;"PicS";2880;0.281;0.481;11
15;"PicS";2880;0.676;0.876;11
15;"PicS";2880;0.844;1.044;11
15;"PicS";2880;0.508;0.708;11
15;"PicS";2880;0.705;0.905;11
15;"PicS";2880;0.552;0.752;11
15;"PicS";2880;0.373;0.573;11
16;"PicS";2880;0.602;0.802;11
16;"PicS";2880;1.049;1.249;11
16;"PicS";2880;0.824;1.024;11
16;"PicS";2880;0.782;0.982;11
16;"PicS";2880;1.007;1.207;11
16;"PicS";2880;1.149;1.349;11
16;"PicS";2880;0.969;1.169;11
16;"PicS";2880;1.221;1.421;11
16;"PicS";2880;0.634;0.834;11
16;"PicS";2880;1.257;1.457;11
16;"PicS";2880;0.871;1.071;11
16;"PicS";2880;1.035;1.235;11
16;"PicS";2880;0.429;0.629;11
16;"PicS";2880;1.07;1.27;11
16;"PicS";2880;0.947;1.147;11
16;"PicS";2880;0.6;0.8;11
16;"PicS";2880;0.604;0.804;11
16;"PicS";2880;0.434;0.634;11
16;"PicS";2880;0.281;0.481;11
16;"PicS";2880;0.676;0.876;11
16;"PicS";2880;0.844;1.044;11
16;"PicS";2880;0.508;0.708;11
16;"PicS";2880;0.705;0.905;11
16;"PicS";2880;0.552;0.752;11
16;"PicS";2880;0.373;0.573;11
17;"PicS";2880;0.602;0.802;11
17;"PicS";2880;1.049;1.249;11
17;"PicS";2880;0.824;1.024;11
17;"PicS";2880;0.782;0.982;11
17;"PicS";2880;1.007;1.207;11
17;"PicS";2880;1.149;1.349;11
17;"PicS";2880;0.969;1.169;11
17;"PicS";2880;1.221;1.421;11
17;"PicS";2880;0.634;0.834;11
17;"PicS";2880;1.257;1.457;11
17;"PicS";2880;0.871;1.071;11
17;"PicS";2880;1.035;1.235;11
17;"PicS";2880;0.429;0.629;11
17;"PicS";2880;1.07;1.27;11
17;"PicS";2880;0.947;1.147;11
17;"PicS";2880;0.6;0.8;11
17;"PicS";2880;0.604;0.804;11
17;"PicS";2880;0.434;0.634;11
17;"PicS";2880;0.281;0.481;11
17;"PicS";2880;0.676;0.876;11
17;"PicS";2880;0.844;1.044;11
17;"PicS";2880;0.508;0.708;11
17;"PicS";2880;0.705;0.905;11
17;"PicS";2880;0.552;0.752;11
17;"PicS";2880;0.373;0.573;11
18;"PicS";2880;0.602;0.802;11
18;"PicS";2880;1.049;1.249;11
18;"PicS";2880;0.824;1.024;11
18;"PicS";2880;0.782;0.982;11
18;"PicS";2880;1.007;1.207;11
18;"PicS";2880;1.149;1.349;11
18;"PicS";2880;0.969;1.169;11
18;"PicS";2880;1.221;1.421;11
18;"PicS";2880;0.634;0.834;11
18;"PicS";2880;1.257;1.457;11
18;"PicS";2880;0.871;1.071;11
18;"PicS";2880;1.035;1.235;11
18;"PicS";2880;0.429;0.629;11
18;"PicS";2880;1.07;1.27;11
18;"PicS";2880;0.947;1.147;11
18;"PicS";2880;0.6;0.8;11
18;"PicS";2880;0.604;0.804;11
18;"PicS";2880;0.434;0.634;11
18;"PicS";2880;0.281;0.481;11
18;"PicS";2880;0.676;0.876;11
18;"PicS";2880;0.844;1.044;11
18;"PicS";2880;0.508;0.708;11
18;"PicS";2880;0.705;0.905;11
18;"PicS";2880;0.552;0.752;11
18;"PicS";2880;0.373;0.573;11
19;"PicS";2880;0.602;0.802;11
19;"PicS";2880;1.049;1.249;11
19;"PicS";2880;0.824;1.024;11
19;"PicS";2880;0.782;0.982;11
19;"PicS";2880;1.007;1.207;11
19;"PicS";2880;1.149;1.349;11
19;"PicS";2880;0.969;1.169;11
19;"PicS";2880;1.221;1.421;11
19;"PicS";2880;0.634;0.834;11
19;"PicS";2880;1.257;1.457;11
19;"PicS";2880;0.871;1.071;11
19;"PicS";2880;1.035;1.235;11
19;"PicS";2880;0.429;0.629;11
19;"PicS";2880;1.07;1.27;11
19;"PicS";2880;0.947;1.147;11
19;"PicS";2880;0.6;0.8;11
19;"PicS";2880;0.604;0.804;11
19;"PicS";2880;0.434;0.634;11
19;"PicS";2880;0.281;0.481;11
19;"PicS";2880;0.676;0.876;11
19;"PicS";2880;0.844;1.044;11
19;"PicS";2880;0.508;0.708;11
19;"PicS";2880;0.705;0.905;11
19;"PicS";2880;0.552;0.752;11
19;"PicS";2880;0.373;0.573;11
20;"PicS";2880;0.602;0.802;11
20;"PicS";2880;1.049;1.249;11
20;"PicS";2880;0.824;1.024;11
20;"PicS";2880;0.782;0.982;11
20;"PicS";2880;1.007;1.207;11
20;"PicS";2880;1.149;1.349;11
20;"PicS";2880;0.969;1.169;11
20;"PicS";2880;1.221;1.421;11
20;"PicS";2880;0.634;0.834;11
20;"PicS";2880;1.257;1.457;11
20;"PicS";2880;0.871;1.071;11
20;"PicS";2880;1.035;1.235;11
20;"PicS";2880;0.429;0.629;11
20;"PicS";2880;1.07;1.27;11
20;"PicS";2880;0.947;1.147;11
20;"PicS";2880;0.6;0.8;11
20;"PicS";2880;0.604;0.804;11
20;"PicS";2880;0.434;0.634;11
20;"PicS";2880;0.281;0.481;11
20;"PicS";2880;0.676;0.876;11
20;"PicS";2880;0.844;1.044;11
20;"PicS";2880;0.508;0.708;11
20;"PicS";2880;0.705;0.905;11
20;"PicS";2880;0.552;0.752;11
20;"PicS";2880;0.373;0.573;11
21;"PicS";2880;0.602;0.802;11
21;"PicS";2880;1.049;1.249;11
21;"PicS";2880;0.824;1.024;11
21;"PicS";2880;0.782;0.982;11
21;"PicS";2880;1.007;1.207;11
21;"PicS";2880;1.149;1.349;11
21;"PicS";2880;0.969;1.169;11
21;"PicS";2880;1.221;1.421;11
21;"PicS";2880;0.634;0.834;11
21;"PicS";2880;1.257;1.457;11
21;"PicS";2880;0.871;1.071;11
21;"PicS";2880;1.035;1.235;11
21;"PicS";2880;0.429;0.629;11
21;"PicS";2880;1.07;1.27;11
21;"PicS";2880;0.947;1.147;11
21;"PicS";2880;0.6;0.8;11
21;"PicS";2880;0.604;0.804;11
21;"PicS";2880;0.434;0.634;11
21;"PicS";2880;0.281;0.481;11
21;"PicS";2880;0.676;0.876;11
21;"PicS";2880;0.844;1.044;11
21;"PicS";2880;0.508;0.708;11
21;"PicS";2880;0.705;0.905;11
21;"PicS";2880;0.552;0.752;11
21;"PicS";2880;0.373;0.573;11
22;"PicS";2880;0.602;0.802;11
22;"PicS";2880;1.049;1.249;11
22;"PicS";2880;0.824;1.024;11
22;"PicS";2880;0.782;0.982;11
22;"PicS";2880;1.007;1.207;11
22;"PicS";2880;1.149;1.349;11
22;"PicS";2880;0.969;1.169;11
22;"PicS";2880;1.221;1.421;11
22;"PicS";2880;0.634;0.834;11
22;"PicS";2880;1.257;1.457;11
22;"PicS";2880;0.871;1.071;11
22;"PicS";2880;1.035;1.235;11
22;"PicS";2880;0.429;0.629;11
22;"PicS";2880;1.07;1.27;11
22;"PicS";2880;0.947;1.147;11
22;"PicS";2880;0.6;0.8;11
22;"PicS";2880;0.604;0.804;11
22;"PicS";2880;0.434;0.634;11
22;"PicS";2880;0.281;0.481;11
22;"PicS";2880;0.676;0.876;11
22;"PicS";2880;0.844;1.044;11
22;"PicS";2880;0.508;0.708;11
22;"PicS";2880;0.705;0.905;11
22;"PicS";2880;0.552;0.752;11
22;"PicS";2880;0.373;0.573;11
23;"PicS";2880;0.602;0.802;11
23;"PicS";2880;1.049;1.249;11
23;"PicS";2880;0.824;1.024;11
23;"PicS";2880;0.782;0.982;11
23;"PicS";2880;1.007;1.207;11
23;"PicS";2880;1.149;1.349;11
23;"PicS";2880;0.969;1.169;11
23;"PicS";2880;1.221;1.421;11
23;"PicS";2880;0.634;0.834;11
23;"PicS";2880;1.257;1.457;11
23;"PicS";2880;0.871;1.071;11
23;"PicS";2880;1.035;1.235;11
23;"PicS";2880;0.429;0.629;11
23;"PicS";2880;1.07;1.27;11
23;"PicS";2880;0.947;1.147;11
23;"PicS";2880;0.6;0.8;11
23;"PicS";2880;0.604;0.804;11
23;"PicS";2880;0.434;0.634;11
23;"PicS";2880;0.281;0.481;11
23;"PicS";2880;0.676;0.876;11
23;"PicS";2880;0.844;1.044;11
23;"PicS";2880;0.508;0.708;11
23;"PicS";2880;0.705;0.905;11
23;"PicS";2880;0.552;0.752;11
23;"PicS";2880;0.373;0.573;11
24;"PicS";2880;0.602;0.802;11
24;"PicS";2880;1.049;1.249;11
24;"PicS";2880;0.824;1.024;11
24;"PicS";2880;0.782;0.982;11
24;"PicS";2880;1.007;1.207;11
24;"PicS";2880;1.149;1.349;11
24;"PicS";2880;0.969;1.169;11
24;"PicS";2880;1.221;1.421;11
24;"PicS";2880;0.634;0.834;11
24;"PicS";2880;1.257;1.457;11
24;"PicS";2880;0.871;1.071;11
24;"PicS";2880;1.035;1.235;11
24;"PicS";2880;0.429;0.629;11
24;"PicS";2880;1.07;1.27;11
24;"PicS";2880;0.947;1.147;11
24;"PicS";2880;0.6;0.8;11
24;"PicS";2880;0.604;0.804;11
24;"PicS";2880;0.434;0.634;11
24;"PicS";2880;0.281;0.481;11
24;"PicS";2880;0.676;0.876;11
24;"PicS";2880;0.844;1.044;11
24;"PicS";2880;0.508;0.708;11
24;"PicS";2880;0.705;0.905;11
24;"PicS";2880;0.552;0.752;11
24;"PicS";2880;0.373;0.573;11
25;"PicS";2880;0.602;0.802;11
25;"PicS";2880;1.049;1.249;11
25;"PicS";2880;0.824;1.024;11
25;"PicS";2880;0.782;0.982;11
25;"PicS";2880;1.007;1.207;11
25;"PicS";2880;1.149;1.349;11
25;"PicS";2880;0.969;1.169;11
25;"PicS";2880;1.221;1.421;11
25;"PicS";2880;0.634;0.834;11
25;"PicS";2880;1.257;1.457;11
25;"PicS";2880;0.871;1.071;11
25;"PicS";2880;1.035;1.235;11
25;"PicS";2880;0.429;0.629;11
25;"PicS";2880;1.07;1.27;11
25;"PicS";2880;0.947;1.147;11
25;"PicS";2880;0.6;0.8;11
25;"PicS";2880;0.604;0.804;11
25;"PicS";2880;0.434;0.634;11
25;"PicS";2880;0.281;0.481;11
25;"PicS";2880;0.676;0.876;11
25;"PicS";2880;0.844;1.044;11
25;"PicS";2880;0.508;0.708;11
25;"PicS";2880;0.705;0.905;11
25;"PicS";2880;0.552;0.752;11
25;"PicS";2880;0.373;0.573;11
26;"PicS";2880;0.602;0.802;11
26;"PicS";2880;1.049;1.249;11
26;"PicS";2880;0.824;1.024;11
26;"PicS";2880;0.782;0.982;11
26;"PicS";2880;1.007;1.207;11
26;"PicS";2880;1.149;1.349;11
26;"PicS";2880;0.969;1.169;11
26;"PicS";2880;1.221;1.421;11
26;"PicS";2880;0.634;0.834;11
26;"PicS";2880;1.257;1.457;11
26;"PicS";2880;0.871;1.071;11
26;"PicS";2880;1.035;1.235;11
26;"PicS";2880;0.429;0.629;11
26;"PicS";2880;1.07;1.27;11
26;"PicS";2880;0.947;1.147;11
26;"PicS";2880;0.6;0.8;11
26;"PicS";2880;0.604;0.804;11
26;"PicS";2880;0.434;0.634;11
26;"PicS";2880;0.281;0.481;11
26;"PicS";2880;0.676;0.876;11
26;"PicS";2880;0.844;1.044;11
26;"PicS";2880;0.508;0.708;11
26;"PicS";2880;0.705;0.905;11
26;"PicS";2880;0.552;0.752;11
26;"PicS";2880;0.373;0.573;11
27;"PicS";2880;0.602;0.802;11
27;"PicS";2880;1.049;1.249;11
27;"PicS";2880;0.824;1.024;11
27;"PicS";2880;0.782;0.982;11
27;"PicS";2880;1.007;1.207;11
27;"PicS";2880;1.149;1.349;11
27;"PicS";2880;0.969;1.169;11
27;"PicS";2880;1.221;1.421;11
27;"PicS";2880;0.634;0.834;11
27;"PicS";2880;1.257;1.457;11
27;"PicS";2880;0.871;1.071;11
27;"PicS";2880;1.035;1.235;11
27;"PicS";2880;0.429;0.629;11
27;"PicS";2880;1.07;1.27;11
27;"PicS";2880;0.947;1.147;11
27;"PicS";2880;0.6;0.8;11
27;"PicS";2880;0.604;0.804;11
27;"PicS";2880;0.434;0.634;11
27;"PicS";2880;0.281;0.481;11
27;"PicS";2880;0.676;0.876;11
27;"PicS";2880;0.844;1.044;11
27;"PicS";2880;0.508;0.708;11
27;"PicS";2880;0.705;0.905;11
27;"PicS";2880;0.552;0.752;11
27;"PicS";2880;0.373;0.573;11
28;"PicS";2880;0.602;0.802;11
28;"PicS";2880;1.049;1.249;11
28;"PicS";2880;0.824;1.024;11
28;"PicS";2880;0.782;0.982;11
28;"PicS";2880;1.007;1.207;11
28;"PicS";2880;1.149;1.349;11
28;"PicS";2880;0.969;1.169;11
28;"PicS";2880;1.221;1.421;11
28;"PicS";2880;0.634;0.834;11
28;"PicS";2880;1.257;1.457;11
28;"PicS";2880;0.871;1.071;11
28;"PicS";2880;1.035;1.235;11
28;"PicS";2880;0.429;0.629;11
28;"PicS";2880;1.07;1.27;11
28;"PicS";2880;0.947;1.147;11
28;"PicS";2880;0.6;0.8;11
28;"PicS";2880;0.604;0.804;11
28;"PicS";2880;0.434;0.634;11
28;"PicS";2880;0.281;0.481;11
28;"PicS";2880;0.676;0.876;11
28;"PicS";2880;0.844;1.044;11
28;"PicS";2880;0.508;0.708;11
28;"PicS";2880;0.705;0.905;11
28;"PicS";2880;0.552;0.752;11
28;"PicS";2880;0.373;0.573;11
29;"PicS";2880;0.602;0.802;11
29;"PicS";2880;1.049;1.249;11
29;"PicS";2880;0.824;1.024;11
29;"PicS";2880;0.782;0.982;11
29;"PicS";2880;1.007;1.207;11
29;"PicS";2880;1.149;1.349;11
29;"PicS";2880;0.969;1.169;11
29;"PicS";2880;1.221;1.421;11
29;"PicS";2880;0.634;0.834;11
29;"PicS";2880;1.257;1.457;11
29;"PicS";2880;0.871;1.071;11
29;"PicS";2880;1.035;1.235;11
29;"PicS";2880;0.429;0.629;11
29;"PicS";2880;1.07;1.27;11
29;"PicS";2880;0.947;1.147;11
29;"PicS";2880;0.6;0.8;11
29;"PicS";2880;0.604;0.804;11
29;"PicS";2880;0.434;0.634;11
29;"PicS";2880;0.281;0.481;11
29;"PicS";2880;0.676;0.876;11
29;"PicS";2880;0.844;1.044;11
29;"PicS";2880;0.508;0.708;11
29;"PicS";2880;0.705;0.905;11
29;"PicS";2880;0.552;0.752;11
29;"PicS";2880;0.373;0.573;11
30;"PicS";2880;0.602;0.802;11
30;"PicS";2880;1.049;1.249;11
30;"PicS";2880;0.824;1.024;11
30;"PicS";2880;0.782;0.982;11
30;"PicS";2880;1.007;1.207;11
30;"PicS";2880;1.149;1.349;11
30;"PicS";2880;0.969;1.169;11
30;"PicS";2880;1.221;1.421;11
30;"PicS";2880;0.634;0.834;11
30;"PicS";2880;1.257;1.457;11
30;"PicS";2880;0.871;1.071;11
30;"PicS";2880;1.035;1.235;11
30;"PicS";2880;0.429;0.629;11
30;"PicS";2880;1.07;1.27;11
30;"PicS";2880;0.947;1.147;11
30;"PicS";2880;0.6;0.8;11
30;"PicS";2880;0.604;0.804;11
30;"PicS";2880;0.434;0.634;11
30;"PicS";2880;0.281;0.481;11
30;"PicS";2880;0.676;0.876;11
30;"PicS";2880;0.844;1.044;11
30;"PicS";2880;0.508;0.708;11
30;"PicS";2880;0.705;0.905;11
30;"PicS";2880;0.552;0.752;11
30;"PicS";2880;0.373;0.573;11
31;"PicS";2880;0.602;0.802;11
31;"PicS";2880;1.049;1.249;11
31;"PicS";2880;0.824;1.024;11
31;"PicS";2880;0.782;0.982;11
31;"PicS";2880;1.007;1.207;11
31;"PicS";2880;1.149;1.349;11
31;"PicS";2880;0.969;1.169;11
31;"PicS";2880;1.221;1.421;11
31;"PicS";2880;0.634;0.834;11
31;"PicS";2880;1.257;1.457;11
31;"PicS";2880;0.871;1.071;11
31;"PicS";2880;1.035;1.235;11
31;"PicS";2880;0.429;0.629;11
31;"PicS";2880;1.07;1.27;11
31;"PicS";2880;0.947;1.147;11
31;"PicS";2880;0.6;0.8;11
31;"PicS";2880;0.604;0.804;11
31;"PicS";2880;0.434;0.634;11
31;"PicS";2880;0.281;0.481;11
31;"PicS";2880;0.676;0.876;11
31;"PicS";2880;0.844;1.044;11
31;"PicS";2880;0.508;0.708;11
31;"PicS";2880;0.705;0.905;11
31;"PicS";2880;0.552;0.752;11
31;"PicS";2880;0.373;0.573;11
32;"PicS";2880;0.602;0.802;11
32;"PicS";2880;1.049;1.249;11
32;"PicS";2880;0.824;1.024;11
32;"PicS";2880;0.782;0.982;11
32;"PicS";2880;1.007;1.207;11
32;"PicS";2880;1.149;1.349;11
32;"PicS";2880;0.969;1.169;11
32;"PicS";2880;1.221;1.421;11
32;"PicS";2880;0.634;0.834;11
32;"PicS";2880;1.257;1.457;11
32;"PicS";2880;0.871;1.071;11
32;"PicS";2880;1.035;1.235;11
32;"PicS";2880;0.429;0.629;11
32;"PicS";2880;1.07;1.27;11
32;"PicS";2880;0.947;1.147;11
32;"PicS";2880;0.6;0.8;11
32;"PicS";2880;0.604;0.804;11
32;"PicS";2880;0.434;0.634;11
32;"PicS";2880;0.281;0.481;11
32;"PicS";2880;0.676;0.876;11
32;"PicS";2880;0.844;1.044;11
32;"PicS";2880;0.508;0.708;11
32;"PicS";2880;0.705;0.905;11
32;"PicS";2880;0.552;0.752;11
32;"PicS";2880;0.373;0.573;11
33;"PicS";2880;0.602;0.802;11
33;"PicS";2880;1.049;1.249;11
33;"PicS";2880;0.824;1.024;11
33;"PicS";2880;0.782;0.982;11
33;"PicS";2880;1.007;1.207;11
33;"PicS";2880;1.149;1.349;11
33;"PicS";2880;0.969;1.169;11
33;"PicS";2880;1.221;1.421;11
33;"PicS";2880;0.634;0.834;11
33;"PicS";2880;1.257;1.457;11
33;"PicS";2880;0.871;1.071;11
33;"PicS";2880;1.035;1.235;11
33;"PicS";2880;0.429;0.629;11
33;"PicS";2880;1.07;1.27;11
33;"PicS";2880;0.947;1.147;11
33;"PicS";2880;0.6;0.8;11
33;"PicS";2880;0.604;0.804;11
33;"PicS";2880;0.434;0.634;11
33;"PicS";2880;0.281;0.481;11
33;"PicS";2880;0.676;0.876;11
33;"PicS";2880;0.844;1.044;11
33;"PicS";2880;0.508;0.708;11
33;"PicS";2880;0.705;0.905;11
33;"PicS";2880;0.552;0.752;11
33;"PicS";2880;0.373;0.573;11
34;"PicS";2880;0.602;0.802;11
34;"PicS";2880;1.049;1.249;11
34;"PicS";2880;0.824;1.024;11
34;"PicS";2880;0.782;0.982;11
34;"PicS";2880;1.007;1.207;11
34;"PicS";2880;1.149;1.349;11
34;"PicS";2880;0.969;1.169;11
34;"PicS";2880;1.221;1.421;11
34;"PicS";2880;0.634;0.834;11
34;"PicS";2880;1.257;1.457;11
34;"PicS";2880;0.871;1.071;11
34;"PicS";2880;1.035;1.235;11
34;"PicS";2880;0.429;0.629;11
34;"PicS";2880;1.07;1.27;11
34;"PicS";2880;0.947;1.147;11
34;"PicS";2880;0.6;0.8;11
34;"PicS";2880;0.604;0.804;11
34;"PicS";2880;0.434;0.634;11
34;"PicS";2880;0.281;0.481;11
34;"PicS";2880;0.676;0.876;11
34;"PicS";2880;0.844;1.044;11
34;"PicS";2880;0.508;0.708;11
34;"PicS";2880;0.705;0.905;11
34;"PicS";2880;0.552;0.752;11
34;"PicS";2880;0.373;0.573;11
35;"PicS";2880;0.602;0.802;11
35;"PicS";2880;1.049;1.249;11
35;"PicS";2880;0.824;1.024;11
35;"PicS";2880;0.782;0.982;11
35;"PicS";2880;1.007;1.207;11
35;"PicS";2880;1.149;1.349;11
35;"PicS";2880;0.969;1.169;11
35;"PicS";2880;1.221;1.421;11
35;"PicS";2880;0.634;0.834;11
35;"PicS";2880;1.257;1.457;11
35;"PicS";2880;0.871;1.071;11
35;"PicS";2880;1.035;1.235;11
35;"PicS";2880;0.429;0.629;11
35;"PicS";2880;1.07;1.27;11
35;"PicS";2880;0.947;1.147;11
35;"PicS";2880;0.6;0.8;11
35;"PicS";2880;0.604;0.804;11
35;"PicS";2880;0.434;0.634;11
35;"PicS";2880;0.281;0.481;11
35;"PicS";2880;0.676;0.876;11
35;"PicS";2880;0.844;1.044;11
35;"PicS";2880;0.508;0.708;11
35;"PicS";2880;0.705;0.905;11
35;"PicS";2880;0.552;0.752;11
35;"PicS";2880;0.373;0.573;11
36;"PicS";2880;0.602;0.802;11
36;"PicS";2880;1.049;1.249;11
36;"PicS";2880;0.824;1.024;11
36;"PicS";2880;0.782;0.982;11
36;"PicS";2880;1.007;1.207;11
36;"PicS";2880;1.149;1.349;11
36;"PicS";2880;0.969;1.169;11
36;"PicS";2880;1.221;1.421;11
36;"PicS";2880;0.634;0.834;11
36;"PicS";2880;1.257;1.457;11
36;"PicS";2880;0.871;1.071;11
36;"PicS";2880;1.035;1.235;11
36;"PicS";2880;0.429;0.629;11
36;"PicS";2880;1.07;1.27;11
36;"PicS";2880;0.947;1.147;11
36;"PicS";2880;0.6;0.8;11
36;"PicS";2880;0.604;0.804;11
36;"PicS";2880;0.434;0.634;11
36;"PicS";2880;0.281;0.481;11
36;"PicS";2880;0.676;0.876;11
36;"PicS";2880;0.844;1.044;11
36;"PicS";2880;0.508;0.708;11
36;"PicS";2880;0.705;0.905;11
36;"PicS";2880;0.552;0.752;11
36;"PicS";2880;0.373;0.573;11
37;"PicS";2880;0.602;0.802;11
37;"PicS";2880;1.049;1.249;11
37;"PicS";2880;0.824;1.024;11
37;"PicS";2880;0.782;0.982;11
37;"PicS";2880;1.007;1.207;11
37;"PicS";2880;1.149;1.349;11
37;"PicS";2880;0.969;1.169;11
37;"PicS";2880;1.221;1.421;11
37;"PicS";2880;0.634;0.834;11
37;"PicS";2880;1.257;1.457;11
37;"PicS";2880;0.871;1.071;11
37;"PicS";2880;1.035;1.235;11
37;"PicS";2880;0.429;0.629;11
37;"PicS";2880;1.07;1.27;11
37;"PicS";2880;0.947;1.147;11
37;"PicS";2880;0.6;0.8;11
37;"PicS";2880;0.604;0.804;11
37;"PicS";2880;0.434;0.634;11
37;"PicS";2880;0.281;0.481;11
37;"PicS";2880;0.676;0.876;11
37;"PicS";2880;0.844;1.044;11
37;"PicS";2880;0.508;0.708;11
37;"PicS";2880;0.705;0.905;11
37;"PicS";2880;0.552;0.752;11
37;"PicS";2880;0.373;0.573;11
38;"PicS";2880;0.602;0.802;11
38;"PicS";2880;1.049;1.249;11
38;"PicS";2880;0.824;1.024;11
38;"PicS";2880;0.782;0.982;11
38;"PicS";2880;1.007;1.207;11
38;"PicS";2880;1.149;1.349;11
38;"PicS";2880;0.969;1.169;11
38;"PicS";2880;1.221;1.421;11
38;"PicS";2880;0.634;0.834;11
38;"PicS";2880;1.257;1.457;11
38;"PicS";2880;0.871;1.071;11
38;"PicS";2880;1.035;1.235;11
38;"PicS";2880;0.429;0.629;11
38;"PicS";2880;1.07;1.27;11
38;"PicS";2880;0.947;1.147;11
38;"PicS";2880;0.6;0.8;11
38;"PicS";2880;0.604;0.804;11
38;"PicS";2880;0.434;0.634;11
38;"PicS";2880;0.281;0.481;11
38;"PicS";2880;0.676;0.876;11
38;"PicS";2880;0.844;1.044;11
38;"PicS";2880;0.508;0.708;11
38;"PicS";2880;0.705;0.905;11
38;"PicS";2880;0.552;0.752;11
38;"PicS";2880;0.373;0.573;11
39;"PicS";2880;0.602;0.802;11
39;"PicS";2880;1.049;1.249;11
39;"PicS";2880;0.824;1.024;11
39;"PicS";2880;0.782;0.982;11
39;"PicS";2880;1.007;1.207;11
39;"PicS";2880;1.149;1.349;11
39;"PicS";2880;0.969;1.169;11
39;"PicS";2880;1.221;1.421;11
39;"PicS";2880;0.634;0.834;11
39;"PicS";2880;1.257;1.457;11
39;"PicS";2880;0.871;1.071;11
39;"PicS";2880;1.035;1.235;11
39;"PicS";2880;0.429;0.629;11
39;"PicS";2880;1.07;1.27;11
39;"PicS";2880;0.947;1.147;11
39;"PicS";2880;0.6;0.8;11
39;"PicS";2880;0.604;0.804;11
39;"PicS";2880;0.434;0.634;11
39;"PicS";2880;0.281;0.481;11
39;"PicS";2880;0.676;0.876;11
39;"PicS";2880;0.844;1.044;11
39;"PicS";2880;0.508;0.708;11
39;"PicS";2880;0.705;0.905;11
39;"PicS";2880;0.552;0.752;11
39;"PicS";2880;0.373;0.573;11
40;"PicS";2880;0.602;0.802;11
40;"PicS";2880;1.049;1.249;11
40;"PicS";2880;0.824;1.024;11
40;"PicS";2880;0.782;0.982;11
40;"PicS";2880;1.007;1.207;11
40;"PicS";2880;1.149;1.349;11
40;"PicS";2880;0.969;1.169;11
40;"PicS";2880;1.221;1.421;11
40;"PicS";2880;0.634;0.834;11
40;"PicS";2880;1.257;1.457;11
40;"PicS";2880;0.871;1.071;11
40;"PicS";2880;1.035;1.235;11
40;"PicS";2880;0.429;0.629;11
40;"PicS";2880;1.07;1.27;11
40;"PicS";2880;0.947;1.147;11
40;"PicS";2880;0.6;0.8;11
40;"PicS";2880;0.604;0.804;11
40;"PicS";2880;0.434;0.634;11
40;"PicS";2880;0.281;0.481;11
40;"PicS";2880;0.676;0.876;11
40;"PicS";2880;0.844;1.044;11
40;"PicS";2880;0.508;0.708;11
40;"PicS";2880;0.705;0.905;11
40;"PicS";2880;0.552;0.752;11
40;"PicS";2880;0.373;0.573;11
41;"PicS";2880;0.602;0.802;11
41;"PicS";2880;1.049;1.249;11
41;"PicS";2880;0.824;1.024;11
41;"PicS";2880;0.782;0.982;11
41;"PicS";2880;1.007;1.207;11
41;"PicS";2880;1.149;1.349;11
41;"PicS";2880;0.969;1.169;11
41;"PicS";2880;1.221;1.421;11
41;"PicS";2880;0.634;0.834;11
41;"PicS";2880;1.257;1.457;11
41;"PicS";2880;0.871;1.071;11
41;"PicS";2880;1.035;1.235;11
41;"PicS";2880;0.429;0.629;11
41;"PicS";2880;1.07;1.27;11
41;"PicS";2880;0.947;1.147;11
41;"PicS";2880;0.6;0.8;11
41;"PicS";2880;0.604;0.804;11
41;"PicS";2880;0.434;0.634;11
41;"PicS";2880;0.281;0.481;11
41;"PicS";2880;0.676;0.876;11
41;"PicS";2880;0.844;1.044;11
41;"PicS";2880;0.508;0.708;11
41;"PicS";2880;0.705;0.905;11
41;"PicS";2880;0.552;0.752;11
41;"PicS";2880;0.373;0.573;11
42;"PicS";2880;0.602;0.802;11
42;"PicS";2880;1.049;1.249;11
42;"PicS";2880;0.824;1.024;11
42;"PicS";2880;0.782;0.982;11
42;"PicS";2880;1.007;1.207;11
42;"PicS";2880;1.149;1.349;11
42;"PicS";2880;0.969;1.169;11
42;"PicS";2880;1.221;1.421;11
42;"PicS";2880;0.634;0.834;11
42;"PicS";2880;1.257;1.457;11
42;"PicS";2880;0.871;1.071;11
42;"PicS";2880;1.035;1.235;11
42;"PicS";2880;0.429;0.629;11
42;"PicS";2880;1.07;1.27;11
42;"PicS";2880;0.947;1.147;11
42;"PicS";2880;0.6;0.8;11
42;"PicS";2880;0.604;0.804;11
42;"PicS";2880;0.434;0.634;11
42;"PicS";2880;0.281;0.481;11
42;"PicS";2880;0.676;0.876;11
42;"PicS";2880;0.844;1.044;11
42;"PicS";2880;0.508;0.708;11
42;"PicS";2880;0.705;0.905;11
42;"PicS";2880;0.552;0.752;11
42;"PicS";2880;0.373;0.573;11
43;"PicS";2880;0.602;0.802;11
43;"PicS";2880;1.049;1.249;11
43;"PicS";2880;0.824;1.024;11
43;"PicS";2880;0.782;0.982;11
43;"PicS";2880;1.007;1.207;11
43;"PicS";2880;1.149;1.349;11
43;"PicS";2880;0.969;1.169;11
43;"PicS";2880;1.221;1.421;11
43;"PicS";2880;0.634;0.834;11
43;"PicS";2880;1.257;1.457;11
43;"PicS";2880;0.871;1.071;11
43;"PicS";2880;1.035;1.235;11
43;"PicS";2880;0.429;0.629;11
43;"PicS";2880;1.07;1.27;11
43;"PicS";2880;0.947;1.147;11
43;"PicS";2880;0.6;0.8;11
43;"PicS";2880;0.604;0.804;11
43;"PicS";2880;0.434;0.634;11
43;"PicS";2880;0.281;0.481;11
43;"PicS";2880;0.676;0.876;11
43;"PicS";2880;0.844;1.044;11
43;"PicS";2880;0.508;0.708;11
43;"PicS";2880;0.705;0.905;11
43;"PicS";2880;0.552;0.752;11
43;"PicS";2880;0.373;0.573;11
44;"PicS";2880;0.602;0.802;11
44;"PicS";2880;1.049;1.249;11
44;"PicS";2880;0.824;1.024;11
44;"PicS";2880;0.782;0.982;11
44;"PicS";2880;1.007;1.207;11
44;"PicS";2880;1.149;1.349;11
44;"PicS";2880;0.969;1.169;11
44;"PicS";2880;1.221;1.421;11
44;"PicS";2880;0.634;0.834;11
44;"PicS";2880;1.257;1.457;11
44;"PicS";2880;0.871;1.071;11
44;"PicS";2880;1.035;1.235;11
44;"PicS";2880;0.429;0.629;11
44;"PicS";2880;1.07;1.27;11
44;"PicS";2880;0.947;1.147;11
44;"PicS";2880;0.6;0.8;11
44;"PicS";2880;0.604;0.804;11
44;"PicS";2880;0.434;0.634;11
44;"PicS";2880;0.281;0.481;11
44;"PicS";2880;0.676;0.876;11
44;"PicS";2880;0.844;1.044;11
44;"PicS";2880;0.508;0.708;11
44;"PicS";2880;0.705;0.905;11
44;"PicS";2880;0.552;0.752;11
44;"PicS";2880;0.373;0.573;11
45;"PicS";2880;0.602;0.802;11
45;"PicS";2880;1.049;1.249;11
45;"PicS";2880;0.824;1.024;11
45;"PicS";2880;0.782;0.982;11
45;"PicS";2880;1.007;1.207;11
45;"PicS";2880;1.149;1.349;11
45;"PicS";2880;0.969;1.169;11
45;"PicS";2880;1.221;1.421;11
45;"PicS";2880;0.634;0.834;11
45;"PicS";2880;1.257;1.457;11
45;"PicS";2880;0.871;1.071;11
45;"PicS";2880;1.035;1.235;11
45;"PicS";2880;0.429;0.629;11
45;"PicS";2880;1.07;1.27;11
45;"PicS";2880;0.947;1.147;11
45;"PicS";2880;0.6;0.8;11
45;"PicS";2880;0.604;0.804;11
45;"PicS";2880;0.434;0.634;11
45;"PicS";2880;0.281;0.481;11
45;"PicS";2880;0.676;0.876;11
45;"PicS";2880;0.844;1.044;11
45;"PicS";2880;0.508;0.708;11
45;"PicS";2880;0.705;0.905;11
45;"PicS";2880;0.552;0.752;11
45;"PicS";2880;0.373;0.573;11
46;"PicS";2880;0.602;0.802;11
46;"PicS";2880;1.049;1.249;11
46;"PicS";2880;0.824;1.024;11
46;"PicS";2880;0.782;0.982;11
46;"PicS";2880;1.007;1.207;11
46;"PicS";2880;1.149;1.349;11
46;"PicS";2880;0.969;1.169;11
46;"PicS";2880;1.221;1.421;11
46;"PicS";2880;0.634;0.834;11
46;"PicS";2880;1.257;1.457;11
46;"PicS";2880;0.871;1.071;11
46;"PicS";2880;1.035;1.235;11
46;"PicS";2880;0.429;0.629;11
46;"PicS";2880;1.07;1.27;11
46;"PicS";2880;0.947;1.147;11
46;"PicS";2880;0.6;0.8;11
46;"PicS";2880;0.604;0.804;11
46;"PicS";2880;0.434;0.634;11
46;"PicS";2880;0.281;0.481;11
46;"PicS";2880;0.676;0.876;11
46;"PicS";2880;0.844;1.044;11
46;"PicS";2880;0.508;0.708;11
46;"PicS";2880;0.705;0.905;11
46;"PicS";2880;0.552;0.752;11
46;"PicS";2880;0.373;0.573;11
47;"PicS";2880;0.602;0.802;11
47;"PicS";2880;1.049;1.249;11
47;"PicS";2880;0.824;1.024;11
47;"PicS";2880;0.782;0.982;11
47;"PicS";2880;1.007;1.207;11
47;"PicS";2880;1.149;1.349;11
47;"PicS";2880;0.969;1.169;11
47;"PicS";2880;1.221;1.421;11
47;"PicS";2880;0.634;0.834;11
47;"PicS";2880;1.257;1.457;11
47;"PicS";2880;0.871;1.071;11
47;"PicS";2880;1.035;1.235;11
47;"PicS";2880;0.429;0.629;11
47;"PicS";2880;1.07;1.27;11
47;"PicS";2880;0.947;1.147;11
47;"PicS";2880;0.6;0.8;11
47;"PicS";2880;0.604;0.804;11
47;"PicS";2880;0.434;0.634;11
47;"PicS";2880;0.281;0.481;11
47;"PicS";2880;0.676;0.876;11
47;"PicS";2880;0.844;1.044;11
47;"PicS";2880;0.508;0.708;11
47;"PicS";2880;0.705;0.905;11
47;"PicS";2880;0.552;0.752;11
47;"PicS";2880;0.373;0.573;11
48;"PicS";2880;0.602;0.802;11
48;"PicS";2880;1.049;1.249;11
48;"PicS";2880;0.824;1.024;11
48;"PicS";2880;0.782;0.982;11
48;"PicS";2880;1.007;1.207;11
48;"PicS";2880;1.149;1.349;11
48;"PicS";2880;0.969;1.169;11
48;"PicS";2880;1.221;1.421;11
48;"PicS";2880;0.634;0.834;11
48;"PicS";2880;1.257;1.457;11
48;"PicS";2880;0.871;1.071;11
48;"PicS";2880;1.035;1.235;11
48;"PicS";2880;0.429;0.629;11
48;"PicS";2880;1.07;1.27;11
48;"PicS";2880;0.947;1.147;11
48;"PicS";2880;0.6;0.8;11
48;"PicS";2880;0.604;0.804;11
48;"PicS";2880;0.434;0.634;11
48;"PicS";2880;0.281;0.481;11
48;"PicS";2880;0.676;0.876;11
48;"PicS";2880;0.844;1.044;11
48;"PicS";2880;0.508;0.708;11
48;"PicS";2880;0.705;0.905;11
48;"PicS";2880;0.552;0.752;11
48;"PicS";2880;0.373;0.573;11
49;"PicS";2880;0.602;0.802;11
49;"PicS";2880;1.049;1.249;11
49;"PicS";2880;0.824;1.024;11
49;"PicS";2880;0.782;0.982;11
49;"PicS";2880;1.007;1.207;11
49;"PicS";2880;1.149;1.349;11
49;"PicS";2880;0.969;1.169;11
49;"PicS";2880;1.221;1.421;11
49;"PicS";2880;0.634;0.834;11
49;"PicS";2880;1.257;1.457;11
49;"PicS";2880;0.871;1.071;11
49;"PicS";2880;1.035;1.235;11
49;"PicS";2880;0.429;0.629;11
49;"PicS";2880;1.07;1.27;11
49;"PicS";2880;0.947;1.147;11
49;"PicS";2880;0.6;0.8;11
49;"PicS";2880;0.604;0.804;11
49;"PicS";2880;0.434;0.634;11
49;"PicS";2880;0.281;0.481;11
49;"PicS";2880;0.676;0.876;11
49;"PicS";2880;0.844;1.044;11
49;"PicS";2880;0.508;0.708;11
49;"PicS";2880;0.705;0.905;11
49;"PicS";2880;0.552;0.752;11
49;"PicS";2880;0.373;0.573;11
50;"PicS";2880;0.602;0.802;11
50;"PicS";2880;1.049;1.249;11
50;"PicS";2880;0.824;1.024;11
50;"PicS";2880;0.782;0.982;11
50;"PicS";2880;1.007;1.207;11
50;"PicS";2880;1.149;1.349;11
50;"PicS";2880;0.969;1.169;11
50;"PicS";2880;1.221;1.421;11
50;"PicS";2880;0.634;0.834;11
50;"PicS";2880;1.257;1.457;11
50;"PicS";2880;0.871;1.071;11
50;"PicS";2880;1.035;1.235;11
50;"PicS";2880;0.429;0.629;11
50;"PicS";2880;1.07;1.27;11
50;"PicS";2880;0.947;1.147;11
50;"PicS";2880;0.6;0.8;11
50;"PicS";2880;0.604;0.804;11
50;"PicS";2880;0.434;0.634;11
50;"PicS";2880;0.281;0.481;11
50;"PicS";2880;0.676;0.876;11
50;"PicS";2880;0.844;1.044;11
50;"PicS";2880;0.508;0.708;11
50;"PicS";2880;0.705;0.905;11
50;"PicS";2880;0.552;0.752;11
50;"PicS";2880;0.373;0.573;11
51;"PicS";2880;0.602;0.802;11
51;"PicS";2880;1.049;1.249;11
51;"PicS";2880;0.824;1.024;11
51;"PicS";2880;0.782;0.982;11
51;"PicS";2880;1.007;1.207;11
51;"PicS";2880;1.149;1.349;11
51;"PicS";2880;0.969;1.169;11
51;"PicS";2880;1.221;1.421;11
51;"PicS";2880;0.634;0.834;11
51;"PicS";2880;1.257;1.457;11
51;"PicS";2880;0.871;1.071;11
51;"PicS";2880;1.035;1.235;11
51;"PicS";2880;0.429;0.629;11
51;"PicS";2880;1.07;1.27;11
51;"PicS";2880;0.947;1.147;11
51;"PicS";2880;0.6;0.8;11
51;"PicS";2880;0.604;0.804;11
51;"PicS";2880;0.434;0.634;11
51;"PicS";2880;0.281;0.481;11
51;"PicS";2880;0.676;0.876;11
51;"PicS";2880;0.844;1.044;11
51;"PicS";2880;0.508;0.708;11
51;"PicS";2880;0.705;0.905;11
51;"PicS";2880;0.552;0.752;11
51;"PicS";2880;0.373;0.573;11
52;"PicS";2880;0.602;0.802;11
52;"PicS";2880;1.049;1.249;11
52;"PicS";2880;0.824;1.024;11
52;"PicS";2880;0.782;0.982;11
52;"PicS";2880;1.007;1.207;11
52;"PicS";2880;1.149;1.349;11
52;"PicS";2880;0.969;1.169;11
52;"PicS";2880;1.221;1.421;11
52;"PicS";2880;0.634;0.834;11
52;"PicS";2880;1.257;1.457;11
52;"PicS";2880;0.871;1.071;11
52;"PicS";2880;1.035;1.235;11
52;"PicS";2880;0.429;0.629;11
52;"PicS";2880;1.07;1.27;11
52;"PicS";2880;0.947;1.147;11
52;"PicS";2880;0.6;0.8;11
52;"PicS";2880;0.604;0.804;11
52;"PicS";2880;0.434;0.634;11
52;"PicS";2880;0.281;0.481;11
52;"PicS";2880;0.676;0.876;11
52;"PicS";2880;0.844;1.044;11
52;"PicS";2880;0.508;0.708;11
52;"PicS";2880;0.705;0.905;11
52;"PicS";2880;0.552;0.752;11
52;"PicS";2880;0.373;0.573;11
53;"PicS";2880;0.602;0.802;11
53;"PicS";2880;1.049;1.249;11
53;"PicS";2880;0.824;1.024;11
53;"PicS";2880;0.782;0.982;11
53;"PicS";2880;1.007;1.207;11
53;"PicS";2880;1.149;1.349;11
53;"PicS";2880;0.969;1.169;11
53;"PicS";2880;1.221;1.421;11
53;"PicS";2880;0.634;0.834;11
53;"PicS";2880;1.257;1.457;11
53;"PicS";2880;0.871;1.071;11
53;"PicS";2880;1.035;1.235;11
53;"PicS";2880;0.429;0.629;11
53;"PicS";2880;1.07;1.27;11
53;"PicS";2880;0.947;1.147;11
53;"PicS";2880;0.6;0.8;11
53;"PicS";2880;0.604;0.804;11
53;"PicS";2880;0.434;0.634;11
53;"PicS";2880;0.281;0.481;11
53;"PicS";2880;0.676;0.876;11
53;"PicS";2880;0.844;1.044;11
53;"PicS";2880;0.508;0.708;11
53;"PicS";2880;0.705;0.905;11
53;"PicS";2880;0.552;0.752;11
53;"PicS";2880;0.373;0.573;11
54;"PicS";2880;0.602;0.802;11
54;"PicS";2880;1.049;1.249;11
54;"PicS";2880;0.824;1.024;11
54;"PicS";2880;0.782;0.982;11
54;"PicS";2880;1.007;1.207;11
54;"PicS";2880;1.149;1.349;11
54;"PicS";2880;0.969;1.169;11
54;"PicS";2880;1.221;1.421;11
54;"PicS";2880;0.634;0.834;11
54;"PicS";2880;1.257;1.457;11
54;"PicS";2880;0.871;1.071;11
54;"PicS";2880;1.035;1.235;11
54;"PicS";2880;0.429;0.629;11
54;"PicS";2880;1.07;1.27;11
54;"PicS";2880;0.947;1.147;11
54;"PicS";2880;0.6;0.8;11
54;"PicS";2880;0.604;0.804;11
54;"PicS";2880;0.434;0.634;11
54;"PicS";2880;0.281;0.481;11
54;"PicS";2880;0.676;0.876;11
54;"PicS";2880;0.844;1.044;11
54;"PicS";2880;0.508;0.708;11
54;"PicS";2880;0.705;0.905;11
54;"PicS";2880;0.552;0.752;11
54;"PicS";2880;0.373;0.573;11
55;"PicS";2880;0.602;0.802;11
55;"PicS";2880;1.049;1.249;11
55;"PicS";2880;0.824;1.024;11
55;"PicS";2880;0.782;0.982;11
55;"PicS";2880;1.007;1.207;11
55;"PicS";2880;1.149;1.349;11
55;"PicS";2880;0.969;1.169;11
55;"PicS";2880;1.221;1.421;11
55;"PicS";2880;0.634;0.834;11
55;"PicS";2880;1.257;1.457;11
55;"PicS";2880;0.871;1.071;11
55;"PicS";2880;1.035;1.235;11
55;"PicS";2880;0.429;0.629;11
55;"PicS";2880;1.07;1.27;11
55;"PicS";2880;0.947;1.147;11
55;"PicS";2880;0.6;0.8;11
55;"PicS";2880;0.604;0.804;11
55;"PicS";2880;0.434;0.634;11
55;"PicS";2880;0.281;0.481;11
55;"PicS";2880;0.676;0.876;11
55;"PicS";2880;0.844;1.044;11
55;"PicS";2880;0.508;0.708;11
55;"PicS";2880;0.705;0.905;11
55;"PicS";2880;0.552;0.752;11
55;"PicS";2880;0.373;0.573;11
56;"PicS";2880;0.602;0.802;11
56;"PicS";2880;1.049;1.249;11
56;"PicS";2880;0.824;1.024;11
56;"PicS";2880;0.782;0.982;11
56;"PicS";2880;1.007;1.207;11
56;"PicS";2880;1.149;1.349;11
56;"PicS";2880;0.969;1.169;11
56;"PicS";2880;1.221;1.421;11
56;"PicS";2880;0.634;0.834;11
56;"PicS";2880;1.257;1.457;11
56;"PicS";2880;0.871;1.071;11
56;"PicS";2880;1.035;1.235;11
56;"PicS";2880;0.429;0.629;11
56;"PicS";2880;1.07;1.27;11
56;"PicS";2880;0.947;1.147;11
56;"PicS";2880;0.6;0.8;11
56;"PicS";2880;0.604;0.804;11
56;"PicS";2880;0.434;0.634;11
56;"PicS";2880;0.281;0.481;11
56;"PicS";2880;0.676;0.876;11
56;"PicS";2880;0.844;1.044;11
56;"PicS";2880;0.508;0.708;11
56;"PicS";2880;0.705;0.905;11
56;"PicS";2880;0.552;0.752;11
56;"PicS";2880;0.373;0.573;11
57;"PicS";2880;0.602;0.802;11
57;"PicS";2880;1.049;1.249;11
57;"PicS";2880;0.824;1.024;11
57;"PicS";2880;0.782;0.982;11
57;"PicS";2880;1.007;1.207;11
57;"PicS";2880;1.149;1.349;11
57;"PicS";2880;0.969;1.169;11
57;"PicS";2880;1.221;1.421;11
57;"PicS";2880;0.634;0.834;11
57;"PicS";2880;1.257;1.457;11
57;"PicS";2880;0.871;1.071;11
57;"PicS";2880;1.035;1.235;11
57;"PicS";2880;0.429;0.629;11
57;"PicS";2880;1.07;1.27;11
57;"PicS";2880;0.947;1.147;11
57;"PicS";2880;0.6;0.8;11
57;"PicS";2880;0.604;0.804;11
57;"PicS";2880;0.434;0.634;11
57;"PicS";2880;0.281;0.481;11
57;"PicS";2880;0.676;0.876;11
57;"PicS";2880;0.844;1.044;11
57;"PicS";2880;0.508;0.708;11
57;"PicS";2880;0.705;0.905;11
57;"PicS";2880;0.552;0.752;11
57;"PicS";2880;0.373;0.573;11
58;"PicS";2880;0.602;0.802;11
58;"PicS";2880;1.049;1.249;11
58;"PicS";2880;0.824;1.024;11
58;"PicS";2880;0.782;0.982;11
58;"PicS";2880;1.007;1.207;11
58;"PicS";2880;1.149;1.349;11
58;"PicS";2880;0.969;1.169;11
58;"PicS";2880;1.221;1.421;11
58;"PicS";2880;0.634;0.834;11
58;"PicS";2880;1.257;1.457;11
58;"PicS";2880;0.871;1.071;11
58;"PicS";2880;1.035;1.235;11
58;"PicS";2880;0.429;0.629;11
58;"PicS";2880;1.07;1.27;11
58;"PicS";2880;0.947;1.147;11
58;"PicS";2880;0.6;0.8;11
58;"PicS";2880;0.604;0.804;11
58;"PicS";2880;0.434;0.634;11
58;"PicS";2880;0.281;0.481;11
58;"PicS";2880;0.676;0.876;11
58;"PicS";2880;0.844;1.044;11
58;"PicS";2880;0.508;0.708;11
58;"PicS";2880;0.705;0.905;11
58;"PicS";2880;0.552;0.752;11
58;"PicS";2880;0.373;0.573;11
59;"PicS";2880;0.602;0.802;11
59;"PicS";2880;1.049;1.249;11
59;"PicS";2880;0.824;1.024;11
59;"PicS";2880;0.782;0.982;11
59;"PicS";2880;1.007;1.207;11
59;"PicS";2880;1.149;1.349;11
59;"PicS";2880;0.969;1.169;11
59;"PicS";2880;1.221;1.421;11
59;"PicS";2880;0.634;0.834;11
59;"PicS";2880;1.257;1.457;11
59;"PicS";2880;0.871;1.071;11
59;"PicS";2880;1.035;1.235;11
59;"PicS";2880;0.429;0.629;11
59;"PicS";2880;1.07;1.27;11
59;"PicS";2880;0.947;1.147;11
59;"PicS";2880;0.6;0.8;11
59;"PicS";2880;0.604;0.804;11
59;"PicS";2880;0.434;0.634;11
59;"PicS";2880;0.281;0.481;11
59;"PicS";2880;0.676;0.876;11
59;"PicS";2880;0.844;1.044;11
59;"PicS";2880;0.508;0.708;11
59;"PicS";2880;0.705;0.905;11
59;"PicS";2880;0.552;0.752;11
59;"PicS";2880;0.373;0.573;11
60;"PicS";2880;0.602;0.802;11
60;"PicS";2880;1.049;1.249;11
60;"PicS";2880;0.824;1.024;11
60;"PicS";2880;0.782;0.982;11
60;"PicS";2880;1.007;1.207;11
60;"PicS";2880;1.149;1.349;11
60;"PicS";2880;0.969;1.169;11
60;"PicS";2880;1.221;1.421;11
60;"PicS";2880;0.634;0.834;11
60;"PicS";2880;1.257;1.457;11
60;"PicS";2880;0.871;1.071;11
60;"PicS";2880;1.035;1.235;11
60;"PicS";2880;0.429;0.629;11
60;"PicS";2880;1.07;1.27;11
60;"PicS";2880;0.947;1.147;11
60;"PicS";2880;0.6;0.8;11
60;"PicS";2880;0.604;0.804;11
60;"PicS";2880;0.434;0.634;11
60;"PicS";2880;0.281;0.481;11
60;"PicS";2880;0.676;0.876;11
60;"PicS";2880;0.844;1.044;11
60;"PicS";2880;0.508;0.708;11
60;"PicS";2880;0.705;0.905;11
60;"PicS";2880;0.552;0.752;11
60;"PicS";2880;0.373;0.573;11
61;"PicS";2880;0.602;0.802;11
61;"PicS";2880;1.049;1.249;11
61;"PicS";2880;0.824;1.024;11
61;"PicS";2880;0.782;0.982;11
61;"PicS";2880;1.007;1.207;11
61;"PicS";2880;1.149;1.349;11
61;"PicS";2880;0.969;1.169;11
61;"PicS";2880;1.221;1.421;11
61;"PicS";2880;0.634;0.834;11
61;"PicS";2880;1.257;1.457;11
61;"PicS";2880;0.871;1.071;11
61;"PicS";2880;1.035;1.235;11
61;"PicS";2880;0.429;0.629;11
61;"PicS";2880;1.07;1.27;11
61;"PicS";2880;0.947;1.147;11
61;"PicS";2880;0.6;0.8;11
61;"PicS";2880;0.604;0.804;11
61;"PicS";2880;0.434;0.634;11
61;"PicS";2880;0.281;0.481;11
61;"PicS";2880;0.676;0.876;11
61;"PicS";2880;0.844;1.044;11
61;"PicS";2880;0.508;0.708;11
61;"PicS";2880;0.705;0.905;11
61;"PicS";2880;0.552;0.752;11
61;"PicS";2880;0.373;0.573;11
62;"PicS";2880;0.602;0.802;11
62;"PicS";2880;1.049;1.249;11
62;"PicS";2880;0.824;1.024;11
62;"PicS";2880;0.782;0.982;11
62;"PicS";2880;1.007;1.207;11
62;"PicS";2880;1.149;1.349;11
62;"PicS";2880;0.969;1.169;11
62;"PicS";2880;1.221;1.421;11
62;"PicS";2880;0.634;0.834;11
62;"PicS";2880;1.257;1.457;11
62;"PicS";2880;0.871;1.071;11
62;"PicS";2880;1.035;1.235;11
62;"PicS";2880;0.429;0.629;11
62;"PicS";2880;1.07;1.27;11
62;"PicS";2880;0.947;1.147;11
62;"PicS";2880;0.6;0.8;11
62;"PicS";2880;0.604;0.804;11
62;"PicS";2880;0.434;0.634;11
62;"PicS";2880;0.281;0.481;11
62;"PicS";2880;0.676;0.876;11
62;"PicS";2880;0.844;1.044;11
62;"PicS";2880;0.508;0.708;11
62;"PicS";2880;0.705;0.905;11
62;"PicS";2880;0.552;0.752;11
62;"PicS";2880;0.373;0.573;11
63;"PicS";2880;0.602;0.802;11
63;"PicS";2880;1.049;1.249;11
63;"PicS";2880;0.824;1.024;11
63;"PicS";2880;0.782;0.982;11
63;"PicS";2880;1.007;1.207;11
63;"PicS";2880;1.149;1.349;11
63;"PicS";2880;0.969;1.169;11
63;"PicS";2880;1.221;1.421;11
63;"PicS";2880;0.634;0.834;11
63;"PicS";2880;1.257;1.457;11
63;"PicS";2880;0.871;1.071;11
63;"PicS";2880;1.035;1.235;11
63;"PicS";2880;0.429;0.629;11
63;"PicS";2880;1.07;1.27;11
63;"PicS";2880;0.947;1.147;11
63;"PicS";2880;0.6;0.8;11
63;"PicS";2880;0.604;0.804;11
63;"PicS";2880;0.434;0.634;11
63;"PicS";2880;0.281;0.481;11
63;"PicS";2880;0.676;0.876;11
63;"PicS";2880;0.844;1.044;11
63;"PicS";2880;0.508;0.708;11
63;"PicS";2880;0.705;0.905;11
63;"PicS";2880;0.552;0.752;11
63;"PicS";2880;0.373;0.573;11
64;"PicS";2880;0.602;0.802;11
64;"PicS";2880;1.049;1.249;11
64;"PicS";2880;0.824;1.024;11
64;"PicS";2880;0.782;0.982;11
64;"PicS";2880;1.007;1.207;11
64;"PicS";2880;1.149;1.349;11
64;"PicS";2880;0.969;1.169;11
64;"PicS";2880;1.221;1.421;11
64;"PicS";2880;0.634;0.834;11
64;"PicS";2880;1.257;1.457;11
64;"PicS";2880;0.871;1.071;11
64;"PicS";2880;1.035;1.235;11
64;"PicS";2880;0.429;0.629;11
64;"PicS";2880;1.07;1.27;11
64;"PicS";2880;0.947;1.147;11
64;"PicS";2880;0.6;0.8;11
64;"PicS";2880;0.604;0.804;11
64;"PicS";2880;0.434;0.634;11
64;"PicS";2880;0.281;0.481;11
64;"PicS";2880;0.676;0.876;11
64;"PicS";2880;0.844;1.044;11
64;"PicS";2880;0.508;0.708;11
64;"PicS";2880;0.705;0.905;11
64;"PicS";2880;0.552;0.752;11
64;"PicS";2880;0.373;0.573;11
65;"PicS";2880;0.602;0.802;11
65;"PicS";2880;1.049;1.249;11
65;"PicS";2880;0.824;1.024;11
65;"PicS";2880;0.782;0.982;11
65;"PicS";2880;1.007;1.207;11
65;"PicS";2880;1.149;1.349;11
65;"PicS";2880;0.969;1.169;11
65;"PicS";2880;1.221;1.421;11
65;"PicS";2880;0.634;0.834;11
65;"PicS";2880;1.257;1.457;11
65;"PicS";2880;0.871;1.071;11
65;"PicS";2880;1.035;1.235;11
65;"PicS";2880;0.429;0.629;11
65;"PicS";2880;1.07;1.27;11
65;"PicS";2880;0.947;1.147;11
65;"PicS";2880;0.6;0.8;11
65;"PicS";2880;0.604;0.804;11
65;"PicS";2880;0.434;0.634;11
65;"PicS";2880;0.281;0.481;11
65;"PicS";2880;0.676;0.876;11
65;"PicS";2880;0.844;1.044;11
65;"PicS";2880;0.508;0.708;11
65;"PicS";2880;0.705;0.905;11
65;"PicS";2880;0.552;0.752;11
65;"PicS";2880;0.373;0.573;11
66;"PicS";2880;0.602;0.802;11
66;"PicS";2880;1.049;1.249;11
66;"PicS";2880;0.824;1.024;11
66;"PicS";2880;0.782;0.982;11
66;"PicS";2880;1.007;1.207;11
66;"PicS";2880;1.149;1.349;11
66;"PicS";2880;0.969;1.169;11
66;"PicS";2880;1.221;1.421;11
66;"PicS";2880;0.634;0.834;11
66;"PicS";2880;1.257;1.457;11
66;"PicS";2880;0.871;1.071;11
66;"PicS";2880;1.035;1.235;11
66;"PicS";2880;0.429;0.629;11
66;"PicS";2880;1.07;1.27;11
66;"PicS";2880;0.947;1.147;11
66;"PicS";2880;0.6;0.8;11
66;"PicS";2880;0.604;0.804;11
66;"PicS";2880;0.434;0.634;11
66;"PicS";2880;0.281;0.481;11
66;"PicS";2880;0.676;0.876;11
66;"PicS";2880;0.844;1.044;11
66;"PicS";2880;0.508;0.708;11
66;"PicS";2880;0.705;0.905;11
66;"PicS";2880;0.552;0.752;11
66;"PicS";2880;0.373;0.573;11
67;"PicS";2880;0.602;0.802;11
67;"PicS";2880;1.049;1.249;11
67;"PicS";2880;0.824;1.024;11
67;"PicS";2880;0.782;0.982;11
67;"PicS";2880;1.007;1.207;11
67;"PicS";2880;1.149;1.349;11
67;"PicS";2880;0.969;1.169;11
67;"PicS";2880;1.221;1.421;11
67;"PicS";2880;0.634;0.834;11
67;"PicS";2880;1.257;1.457;11
67;"PicS";2880;0.871;1.071;11
67;"PicS";2880;1.035;1.235;11
67;"PicS";2880;0.429;0.629;11
67;"PicS";2880;1.07;1.27;11
67;"PicS";2880;0.947;1.147;11
67;"PicS";2880;0.6;0.8;11
67;"PicS";2880;0.604;0.804;11
67;"PicS";2880;0.434;0.634;11
67;"PicS";2880;0.281;0.481;11
67;"PicS";2880;0.676;0.876;11
67;"PicS";2880;0.844;1.044;11
67;"PicS";2880;0.508;0.708;11
67;"PicS";2880;0.705;0.905;11
67;"PicS";2880;0.552;0.752;11
67;"PicS";2880;0.373;0.573;11
68;"PicS";2880;0.602;0.802;11
68;"PicS";2880;1.049;1.249;11
68;"PicS";2880;0.824;1.024;11
68;"PicS";2880;0.782;0.982;11
68;"PicS";2880;1.007;1.207;11
68;"PicS";2880;1.149;1.349;11
68;"PicS";2880;0.969;1.169;11
68;"PicS";2880;1.221;1.421;11
68;"PicS";2880;0.634;0.834;11
68;"PicS";2880;1.257;1.457;11
68;"PicS";2880;0.871;1.071;11
68;"PicS";2880;1.035;1.235;11
68;"PicS";2880;0.429;0.629;11
68;"PicS";2880;1.07;1.27;11
68;"PicS";2880;0.947;1.147;11
68;"PicS";2880;0.6;0.8;11
68;"PicS";2880;0.604;0.804;11
68;"PicS";2880;0.434;0.634;11
68;"PicS";2880;0.281;0.481;11
68;"PicS";2880;0.676;0.876;11
68;"PicS";2880;0.844;1.044;11
68;"PicS";2880;0.508;0.708;11
68;"PicS";2880;0.705;0.905;11
68;"PicS";2880;0.552;0.752;11
68;"PicS";2880;0.373;0.573;11
69;"PicS";2880;0.602;0.802;11
69;"PicS";2880;1.049;1.249;11
69;"PicS";2880;0.824;1.024;11
69;"PicS";2880;0.782;0.982;11
69;"PicS";2880;1.007;1.207;11
69;"PicS";2880;1.149;1.349;11
69;"PicS";2880;0.969;1.169;11
69;"PicS";2880;1.221;1.421;11
69;"PicS";2880;0.634;0.834;11
69;"PicS";2880;1.257;1.457;11
69;"PicS";2880;0.871;1.071;11
69;"PicS";2880;1.035;1.235;11
69;"PicS";2880;0.429;0.629;11
69;"PicS";2880;1.07;1.27;11
69;"PicS";2880;0.947;1.147;11
69;"PicS";2880;0.6;0.8;11
69;"PicS";2880;0.604;0.804;11
69;"PicS";2880;0.434;0.634;11
69;"PicS";2880;0.281;0.481;11
69;"PicS";2880;0.676;0.876;11
69;"PicS";2880;0.844;1.044;11
69;"PicS";2880;0.508;0.708;11
69;"PicS";2880;0.705;0.905;11
69;"PicS";2880;0.552;0.752;11
69;"PicS";2880;0.373;0.573;11
70;"PicS";2880;0.602;0.802;11
70;"PicS";2880;1.049;1.249;11
70;"PicS";2880;0.824;1.024;11
70;"PicS";2880;0.782;0.982;11
70;"PicS";2880;1.007;1.207;11
70;"PicS";2880;1.149;1.349;11
70;"PicS";2880;0.969;1.169;11
70;"PicS";2880;1.221;1.421;11
70;"PicS";2880;0.634;0.834;11
70;"PicS";2880;1.257;1.457;11
70;"PicS";2880;0.871;1.071;11
70;"PicS";2880;1.035;1.235;11
70;"PicS";2880;0.429;0.629;11
70;"PicS";2880;1.07;1.27;11
70;"PicS";2880;0.947;1.147;11
70;"PicS";2880;0.6;0.8;11
70;"PicS";2880;0.604;0.804;11
70;"PicS";2880;0.434;0.634;11
70;"PicS";2880;0.281;0.481;11
70;"PicS";2880;0.676;0.876;11
70;"PicS";2880;0.844;1.044;11
70;"PicS";2880;0.508;0.708;11
70;"PicS";2880;0.705;0.905;11
70;"PicS";2880;0.552;0.752;11
70;"PicS";2880;0.373;0.573;11
71;"PicS";2880;0.602;0.802;11
71;"PicS";2880;1.049;1.249;11
71;"PicS";2880;0.824;1.024;11
71;"PicS";2880;0.782;0.982;11
71;"PicS";2880;1.007;1.207;11
71;"PicS";2880;1.149;1.349;11
71;"PicS";2880;0.969;1.169;11
71;"PicS";2880;1.221;1.421;11
71;"PicS";2880;0.634;0.834;11
71;"PicS";2880;1.257;1.457;11
71;"PicS";2880;0.871;1.071;11
71;"PicS";2880;1.035;1.235;11
71;"PicS";2880;0.429;0.629;11
71;"PicS";2880;1.07;1.27;11
71;"PicS";2880;0.947;1.147;11
71;"PicS";2880;0.6;0.8;11
71;"PicS";2880;0.604;0.804;11
71;"PicS";2880;0.434;0.634;11
71;"PicS";2880;0.281;0.481;11
71;"PicS";2880;0.676;0.876;11
71;"PicS";2880;0.844;1.044;11
71;"PicS";2880;0.508;0.708;11
71;"PicS";2880;0.705;0.905;11
71;"PicS";2880;0.552;0.752;11
71;"PicS";2880;0.373;0.573;11
72;"PicS";2880;0.602;0.802;11
72;"PicS";2880;1.049;1.249;11
72;"PicS";2880;0.824;1.024;11
72;"PicS";2880;0.782;0.982;11
72;"PicS";2880;1.007;1.207;11
72;"PicS";2880;1.149;1.349;11
72;"PicS";2880;0.969;1.169;11
72;"PicS";2880;1.221;1.421;11
72;"PicS";2880;0.634;0.834;11
72;"PicS";2880;1.257;1.457;11
72;"PicS";2880;0.871;1.071;11
72;"PicS";2880;1.035;1.235;11
72;"PicS";2880;0.429;0.629;11
72;"PicS";2880;1.07;1.27;11
72;"PicS";2880;0.947;1.147;11
72;"PicS";2880;0.6;0.8;11
72;"PicS";2880;0.604;0.804;11
72;"PicS";2880;0.434;0.634;11
72;"PicS";2880;0.281;0.481;11
72;"PicS";2880;0.676;0.876;11
72;"PicS";2880;0.844;1.044;11
72;"PicS";2880;0.508;0.708;11
72;"PicS";2880;0.705;0.905;11
72;"PicS";2880;0.552;0.752;11
72;"PicS";2880;0.373;0.573;11
73;"PicS";2880;0.602;0.802;11
73;"PicS";2880;1.049;1.249;11
73;"PicS";2880;0.824;1.024;11
73;"PicS";2880;0.782;0.982;11
73;"PicS";2880;1.007;1.207;11
73;"PicS";2880;1.149;1.349;11
73;"PicS";2880;0.969;1.169;11
73;"PicS";2880;1.221;1.421;11
73;"PicS";2880;0.634;0.834;11
73;"PicS";2880;1.257;1.457;11
73;"PicS";2880;0.871;1.071;11
73;"PicS";2880;1.035;1.235;11
73;"PicS";2880;0.429;0.629;11
73;"PicS";2880;1.07;1.27;11
73;"PicS";2880;0.947;1.147;11
73;"PicS";2880;0.6;0.8;11
73;"PicS";2880;0.604;0.804;11
73;"PicS";2880;0.434;0.634;11
73;"PicS";2880;0.281;0.481;11
73;"PicS";2880;0.676;0.876;11
73;"PicS";2880;0.844;1.044;11
73;"PicS";2880;0.508;0.708;11
73;"PicS";2880;0.705;0.905;11
73;"PicS";2880;0.552;0.752;11
73;"PicS";2880;0.373;0.573;11
74;"PicS";2880;0.602;0.802;11
74;"PicS";2880;1.049;1.249;11
74;"PicS";2880;0.824;1.024;11
74;"PicS";2880;0.782;0.982;11
74;"PicS";2880;1.007;1.207;11
74;"PicS";2880;1.149;1.349;11
74;"PicS";2880;0.969;1.169;11
74;"PicS";2880;1.221;1.421;11
74;"PicS";2880;0.634;0.834;11
74;"PicS";2880;1.257;1.457;11
74;"PicS";2880;0.871;1.071;11
74;"PicS";2880;1.035;1.235;11
74;"PicS";2880;0.429;0.629;11
74;"PicS";2880;1.07;1.27;11
74;"PicS";2880;0.947;1.147;11
74;"PicS";2880;0.6;0.8;11
74;"PicS";2880;0.604;0.804;11
74;"PicS";2880;0.434;0.634;11
74;"PicS";2880;0.281;0.481;11
74;"PicS";2880;0.676;0.876;11
74;"PicS";2880;0.844;1.044;11
74;"PicS";2880;0.508;0.708;11
74;"PicS";2880;0.705;0.905;11
74;"PicS";2880;0.552;0.752;11
74;"PicS";2880;0.373;0.573;11
75;"PicS";2880;0.602;0.802;11
75;"PicS";2880;1.049;1.249;11
75;"PicS";2880;0.824;1.024;11
75;"PicS";2880;0.782;0.982;11
75;"PicS";2880;1.007;1.207;11
75;"PicS";2880;1.149;1.349;11
75;"PicS";2880;0.969;1.169;11
75;"PicS";2880;1.221;1.421;11
75;"PicS";2880;0.634;0.834;11
75;"PicS";2880;1.257;1.457;11
75;"PicS";2880;0.871;1.071;11
75;"PicS";2880;1.035;1.235;11
75;"PicS";2880;0.429;0.629;11
75;"PicS";2880;1.07;1.27;11
75;"PicS";2880;0.947;1.147;11
75;"PicS";2880;0.6;0.8;11
75;"PicS";2880;0.604;0.804;11
75;"PicS";2880;0.434;0.634;11
75;"PicS";2880;0.281;0.481;11
75;"PicS";2880;0.676;0.876;11
75;"PicS";2880;0.844;1.044;11
75;"PicS";2880;0.508;0.708;11
75;"PicS";2880;0.705;0.905;11
75;"PicS";2880;0.552;0.752;11
75;"PicS";2880;0.373;0.573;11
76;"PicS";2880;0.602;0.802;11
76;"PicS";2880;1.049;1.249;11
76;"PicS";2880;0.824;1.024;11
76;"PicS";2880;0.782;0.982;11
76;"PicS";2880;1.007;1.207;11
76;"PicS";2880;1.149;1.349;11
76;"PicS";2880;0.969;1.169;11
76;"PicS";2880;1.221;1.421;11
76;"PicS";2880;0.634;0.834;11
76;"PicS";2880;1.257;1.457;11
76;"PicS";2880;0.871;1.071;11
76;"PicS";2880;1.035;1.235;11
76;"PicS";2880;0.429;0.629;11
76;"PicS";2880;1.07;1.27;11
76;"PicS";2880;0.947;1.147;11
76;"PicS";2880;0.6;0.8;11
76;"PicS";2880;0.604;0.804;11
76;"PicS";2880;0.434;0.634;11
76;"PicS";2880;0.281;0.481;11
76;"PicS";2880;0.676;0.876;11
76;"PicS";2880;0.844;1.044;11
76;"PicS";2880;0.508;0.708;11
76;"PicS";2880;0.705;0.905;11
76;"PicS";2880;0.552;0.752;11
76;"PicS";2880;0.373;0.573;11
77;"PicS";2880;0.602;0.802;11
77;"PicS";2880;1.049;1.249;11
77;"PicS";2880;0.824;1.024;11
77;"PicS";2880;0.782;0.982;11
77;"PicS";2880;1.007;1.207;11
77;"PicS";2880;1.149;1.349;11
77;"PicS";2880;0.969;1.169;11
77;"PicS";2880;1.221;1.421;11
77;"PicS";2880;0.634;0.834;11
77;"PicS";2880;1.257;1.457;11
77;"PicS";2880;0.871;1.071;11
77;"PicS";2880;1.035;1.235;11
77;"PicS";2880;0.429;0.629;11
77;"PicS";2880;1.07;1.27;11
77;"PicS";2880;0.947;1.147;11
77;"PicS";2880;0.6;0.8;11
77;"PicS";2880;0.604;0.804;11
77;"PicS";2880;0.434;0.634;11
77;"PicS";2880;0.281;0.481;11
77;"PicS";2880;0.676;0.876;11
77;"PicS";2880;0.844;1.044;11
77;"PicS";2880;0.508;0.708;11
77;"PicS";2880;0.705;0.905;11
77;"PicS";2880;0.552;0.752;11
77;"PicS";2880;0.373;0.573;11
78;"PicS";2880;0.602;0.802;11
78;"PicS";2880;1.049;1.249;11
78;"PicS";2880;0.824;1.024;11
78;"PicS";2880;0.782;0.982;11
78;"PicS";2880;1.007;1.207;11
78;"PicS";2880;1.149;1.349;11
78;"PicS";2880;0.969;1.169;11
78;"PicS";2880;1.221;1.421;11
78;"PicS";2880;0.634;0.834;11
78;"PicS";2880;1.257;1.457;11
78;"PicS";2880;0.871;1.071;11
78;"PicS";2880;1.035;1.235;11
78;"PicS";2880;0.429;0.629;11
78;"PicS";2880;1.07;1.27;11
78;"PicS";2880;0.947;1.147;11
78;"PicS";2880;0.6;0.8;11
78;"PicS";2880;0.604;0.804;11
78;"PicS";2880;0.434;0.634;11
78;"PicS";2880;0.281;0.481;11
78;"PicS";2880;0.676;0.876;11
78;"PicS";2880;0.844;1.044;11
78;"PicS";2880;0.508;0.708;11
78;"PicS";2880;0.705;0.905;11
78;"PicS";2880;0.552;0.752;11
78;"PicS";2880;0.373;0.573;11
79;"PicS";2880;0.602;0.802;11
79;"PicS";2880;1.049;1.249;11
79;"PicS";2880;0.824;1.024;11
79;"PicS";2880;0.782;0.982;11
79;"PicS";2880;1.007;1.207;11
79;"PicS";2880;1.149;1.349;11
79;"PicS";2880;0.969;1.169;11
79;"PicS";2880;1.221;1.421;11
79;"PicS";2880;0.634;0.834;11
79;"PicS";2880;1.257;1.457;11
79;"PicS";2880;0.871;1.071;11
79;"PicS";2880;1.035;1.235;11
79;"PicS";2880;0.429;0.629;11
79;"PicS";2880;1.07;1.27;11
79;"PicS";2880;0.947;1.147;11
79;"PicS";2880;0.6;0.8;11
79;"PicS";2880;0.604;0.804;11
79;"PicS";2880;0.434;0.634;11
79;"PicS";2880;0.281;0.481;11
79;"PicS";2880;0.676;0.876;11
79;"PicS";2880;0.844;1.044;11
79;"PicS";2880;0.508;0.708;11
79;"PicS";2880;0.705;0.905;11
79;"PicS";2880;0.552;0.752;11
79;"PicS";2880;0.373;0.573;11
80;"PicS";2880;0.602;0.802;11
80;"PicS";2880;1.049;1.249;11
80;"PicS";2880;0.824;1.024;11
80;"PicS";2880;0.782;0.982;11
80;"PicS";2880;1.007;1.207;11
80;"PicS";2880;1.149;1.349;11
80;"PicS";2880;0.969;1.169;11
80;"PicS";2880;1.221;1.421;11
80;"PicS";2880;0.634;0.834;11
80;"PicS";2880;1.257;1.457;11
80;"PicS";2880;0.871;1.071;11
80;"PicS";2880;1.035;1.235;11
80;"PicS";2880;0.429;0.629;11
80;"PicS";2880;1.07;1.27;11
80;"PicS";2880;0.947;1.147;11
80;"PicS";2880;0.6;0.8;11
80;"PicS";2880;0.604;0.804;11
80;"PicS";2880;0.434;0.634;11
80;"PicS";2880;0.281;0.481;11
80;"PicS";2880;0.676;0.876;11
80;"PicS";2880;0.844;1.044;11
80;"PicS";2880;0.508;0.708;11
80;"PicS";2880;0.705;0.905;11
80;"PicS";2880;0.552;0.752;11
80;"PicS";2880;0.373;0.573;11
81;"PicS";2880;0.602;0.802;11
81;"PicS";2880;1.049;1.249;11
81;"PicS";2880;0.824;1.024;11
81;"PicS";2880;0.782;0.982;11
81;"PicS";2880;1.007;1.207;11
81;"PicS";2880;1.149;1.349;11
81;"PicS";2880;0.969;1.169;11
81;"PicS";2880;1.221;1.421;11
81;"PicS";2880;0.634;0.834;11
81;"PicS";2880;1.257;1.457;11
81;"PicS";2880;0.871;1.071;11
81;"PicS";2880;1.035;1.235;11
81;"PicS";2880;0.429;0.629;11
81;"PicS";2880;1.07;1.27;11
81;"PicS";2880;0.947;1.147;11
81;"PicS";2880;0.6;0.8;11
81;"PicS";2880;0.604;0.804;11
81;"PicS";2880;0.434;0.634;11
81;"PicS";2880;0.281;0.481;11
81;"PicS";2880;0.676;0.876;11
81;"PicS";2880;0.844;1.044;11
81;"PicS";2880;0.508;0.708;11
81;"PicS";2880;0.705;0.905;11
81;"PicS";2880;0.552;0.752;11
81;"PicS";2880;0.373;0.573;11
82;"PicS";2880;0.602;0.802;11
82;"PicS";2880;1.049;1.249;11
82;"PicS";2880;0.824;1.024;11
82;"PicS";2880;0.782;0.982;11
82;"PicS";2880;1.007;1.207;11
82;"PicS";2880;1.149;1.349;11
82;"PicS";2880;0.969;1.169;11
82;"PicS";2880;1.221;1.421;11
82;"PicS";2880;0.634;0.834;11
82;"PicS";2880;1.257;1.457;11
82;"PicS";2880;0.871;1.071;11
82;"PicS";2880;1.035;1.235;11
82;"PicS";2880;0.429;0.629;11
82;"PicS";2880;1.07;1.27;11
82;"PicS";2880;0.947;1.147;11
82;"PicS";2880;0.6;0.8;11
82;"PicS";2880;0.604;0.804;11
82;"PicS";2880;0.434;0.634;11
82;"PicS";2880;0.281;0.481;11
82;"PicS";2880;0.676;0.876;11
82;"PicS";2880;0.844;1.044;11
82;"PicS";2880;0.508;0.708;11
82;"PicS";2880;0.705;0.905;11
82;"PicS";2880;0.552;0.752;11
82;"PicS";2880;0.373;0.573;11
83;"PicS";2880;0.602;0.802;11
83;"PicS";2880;1.049;1.249;11
83;"PicS";2880;0.824;1.024;11
83;"PicS";2880;0.782;0.982;11
83;"PicS";2880;1.007;1.207;11
83;"PicS";2880;1.149;1.349;11
83;"PicS";2880;0.969;1.169;11
83;"PicS";2880;1.221;1.421;11
83;"PicS";2880;0.634;0.834;11
83;"PicS";2880;1.257;1.457;11
83;"PicS";2880;0.871;1.071;11
83;"PicS";2880;1.035;1.235;11
83;"PicS";2880;0.429;0.629;11
83;"PicS";2880;1.07;1.27;11
83;"PicS";2880;0.947;1.147;11
83;"PicS";2880;0.6;0.8;11
83;"PicS";2880;0.604;0.804;11
83;"PicS";2880;0.434;0.634;11
83;"PicS";2880;0.281;0.481;11
83;"PicS";2880;0.676;0.876;11
83;"PicS";2880;0.844;1.044;11
83;"PicS";2880;0.508;0.708;11
83;"PicS";2880;0.705;0.905;11
83;"PicS";2880;0.552;0.752;11
83;"PicS";2880;0.373;0.573;11
84;"PicS";2880;0.602;0.802;11
84;"PicS";2880;1.049;1.249;11
84;"PicS";2880;0.824;1.024;11
84;"PicS";2880;0.782;0.982;11
84;"PicS";2880;1.007;1.207;11
84;"PicS";2880;1.149;1.349;11
84;"PicS";2880;0.969;1.169;11
84;"PicS";2880;1.221;1.421;11
84;"PicS";2880;0.634;0.834;11
84;"PicS";2880;1.257;1.457;11
84;"PicS";2880;0.871;1.071;11
84;"PicS";2880;1.035;1.235;11
84;"PicS";2880;0.429;0.629;11
84;"PicS";2880;1.07;1.27;11
84;"PicS";2880;0.947;1.147;11
84;"PicS";2880;0.6;0.8;11
84;"PicS";2880;0.604;0.804;11
84;"PicS";2880;0.434;0.634;11
84;"PicS";2880;0.281;0.481;11
84;"PicS";2880;0.676;0.876;11
84;"PicS";2880;0.844;1.044;11
84;"PicS";2880;0.508;0.708;11
84;"PicS";2880;0.705;0.905;11
84;"PicS";2880;0.552;0.752;11
84;"PicS";2880;0.373;0.573;11
85;"PicS";2880;0.602;0.802;11
85;"PicS";2880;1.049;1.249;11
85;"PicS";2880;0.824;1.024;11
85;"PicS";2880;0.782;0.982;11
85;"PicS";2880;1.007;1.207;11
85;"PicS";2880;1.149;1.349;11
85;"PicS";2880;0.969;1.169;11
85;"PicS";2880;1.221;1.421;11
85;"PicS";2880;0.634;0.834;11
85;"PicS";2880;1.257;1.457;11
85;"PicS";2880;0.871;1.071;11
85;"PicS";2880;1.035;1.235;11
85;"PicS";2880;0.429;0.629;11
85;"PicS";2880;1.07;1.27;11
85;"PicS";2880;0.947;1.147;11
85;"PicS";2880;0.6;0.8;11
85;"PicS";2880;0.604;0.804;11
85;"PicS";2880;0.434;0.634;11
85;"PicS";2880;0.281;0.481;11
85;"PicS";2880;0.676;0.876;11
85;"PicS";2880;0.844;1.044;11
85;"PicS";2880;0.508;0.708;11
85;"PicS";2880;0.705;0.905;11
85;"PicS";2880;0.552;0.752;11
85;"PicS";2880;0.373;0.573;11
86;"PicS";2880;0.602;0.802;11
86;"PicS";2880;1.049;1.249;11
86;"PicS";2880;0.824;1.024;11
86;"PicS";2880;0.782;0.982;11
86;"PicS";2880;1.007;1.207;11
86;"PicS";2880;1.149;1.349;11
86;"PicS";2880;0.969;1.169;11
86;"PicS";2880;1.221;1.421;11
86;"PicS";2880;0.634;0.834;11
86;"PicS";2880;1.257;1.457;11
86;"PicS";2880;0.871;1.071;11
86;"PicS";2880;1.035;1.235;11
86;"PicS";2880;0.429;0.629;11
86;"PicS";2880;1.07;1.27;11
86;"PicS";2880;0.947;1.147;11
86;"PicS";2880;0.6;0.8;11
86;"PicS";2880;0.604;0.804;11
86;"PicS";2880;0.434;0.634;11
86;"PicS";2880;0.281;0.481;11
86;"PicS";2880;0.676;0.876;11
86;"PicS";2880;0.844;1.044;11
86;"PicS";2880;0.508;0.708;11
86;"PicS";2880;0.705;0.905;11
86;"PicS";2880;0.552;0.752;11
86;"PicS";2880;0.373;0.573;11
87;"PicS";2880;0.602;0.802;11
87;"PicS";2880;1.049;1.249;11
87;"PicS";2880;0.824;1.024;11
87;"PicS";2880;0.782;0.982;11
87;"PicS";2880;1.007;1.207;11
87;"PicS";2880;1.149;1.349;11
87;"PicS";2880;0.969;1.169;11
87;"PicS";2880;1.221;1.421;11
87;"PicS";2880;0.634;0.834;11
87;"PicS";2880;1.257;1.457;11
87;"PicS";2880;0.871;1.071;11
87;"PicS";2880;1.035;1.235;11
87;"PicS";2880;0.429;0.629;11
87;"PicS";2880;1.07;1.27;11
87;"PicS";2880;0.947;1.147;11
87;"PicS";2880;0.6;0.8;11
87;"PicS";2880;0.604;0.804;11
87;"PicS";2880;0.434;0.634;11
87;"PicS";2880;0.281;0.481;11
87;"PicS";2880;0.676;0.876;11
87;"PicS";2880;0.844;1.044;11
87;"PicS";2880;0.508;0.708;11
87;"PicS";2880;0.705;0.905;11
87;"PicS";2880;0.552;0.752;11
87;"PicS";2880;0.373;0.573;11
88;"PicS";2880;0.602;0.802;11
88;"PicS";2880;1.049;1.249;11
88;"PicS";2880;0.824;1.024;11
88;"PicS";2880;0.782;0.982;11
88;"PicS";2880;1.007;1.207;11
88;"PicS";2880;1.149;1.349;11
88;"PicS";2880;0.969;1.169;11
88;"PicS";2880;1.221;1.421;11
88;"PicS";2880;0.634;0.834;11
88;"PicS";2880;1.257;1.457;11
88;"PicS";2880;0.871;1.071;11
88;"PicS";2880;1.035;1.235;11
88;"PicS";2880;0.429;0.629;11
88;"PicS";2880;1.07;1.27;11
88;"PicS";2880;0.947;1.147;11
88;"PicS";2880;0.6;0.8;11
88;"PicS";2880;0.604;0.804;11
88;"PicS";2880;0.434;0.634;11
88;"PicS";2880;0.281;0.481;11
88;"PicS";2880;0.676;0.876;11
88;"PicS";2880;0.844;1.044;11
88;"PicS";2880;0.508;0.708;11
88;"PicS";2880;0.705;0.905;11
88;"PicS";2880;0.552;0.752;11
88;"PicS";2880;0.373;0.573;11
89;"PicS";2880;0.602;0.802;11
89;"PicS";2880;1.049;1.249;11
89;"PicS";2880;0.824;1.024;11
89;"PicS";2880;0.782;0.982;11
89;"PicS";2880;1.007;1.207;11
89;"PicS";2880;1.149;1.349;11
89;"PicS";2880;0.969;1.169;11
89;"PicS";2880;1.221;1.421;11
89;"PicS";2880;0.634;0.834;11
89;"PicS";2880;1.257;1.457;11
89;"PicS";2880;0.871;1.071;11
89;"PicS";2880;1.035;1.235;11
89;"PicS";2880;0.429;0.629;11
89;"PicS";2880;1.07;1.27;11
89;"PicS";2880;0.947;1.147;11
89;"PicS";2880;0.6;0.8;11
89;"PicS";2880;0.604;0.804;11
89;"PicS";2880;0.434;0.634;11
89;"PicS";2880;0.281;0.481;11
89;"PicS";2880;0.676;0.876;11
89;"PicS";2880;0.844;1.044;11
89;"PicS";2880;0.508;0.708;11
89;"PicS";2880;0.705;0.905;11
89;"PicS";2880;0.552;0.752;11
89;"PicS";2880;0.373;0.573;11
90;"PicS";2880;0.602;0.802;11
90;"PicS";2880;1.049;1.249;11
90;"PicS";2880;0.824;1.024;11
90;"PicS";2880;0.782;0.982;11
90;"PicS";2880;1.007;1.207;11
90;"PicS";2880;1.149;1.349;11
90;"PicS";2880;0.969;1.169;11
90;"PicS";2880;1.221;1.421;11
90;"PicS";2880;0.634;0.834;11
90;"PicS";2880;1.257;1.457;11
90;"PicS";2880;0.871;1.071;11
90;"PicS";2880;1.035;1.235;11
90;"PicS";2880;0.429;0.629;11
90;"PicS";2880;1.07;1.27;11
90;"PicS";2880;0.947;1.147;11
90;"PicS";2880;0.6;0.8;11
90;"PicS";2880;0.604;0.804;11
90;"PicS";2880;0.434;0.634;11
90;"PicS";2880;0.281;0.481;11
90;"PicS";2880;0.676;0.876;11
90;"PicS";2880;0.844;1.044;11
90;"PicS";2880;0.508;0.708;11
90;"PicS";2880;0.705;0.905;11
90;"PicS";2880;0.552;0.752;11
90;"PicS";2880;0.373;0.573;11
91;"PicS";2880;0.602;0.802;11
91;"PicS";2880;1.049;1.249;11
91;"PicS";2880;0.824;1.024;11
91;"PicS";2880;0.782;0.982;11
91;"PicS";2880;1.007;1.207;11
91;"PicS";2880;1.149;1.349;11
91;"PicS";2880;0.969;1.169;11
91;"PicS";2880;1.221;1.421;11
91;"PicS";2880;0.634;0.834;11
91;"PicS";2880;1.257;1.457;11
91;"PicS";2880;0.871;1.071;11
91;"PicS";2880;1.035;1.235;11
91;"PicS";2880;0.429;0.629;11
91;"PicS";2880;1.07;1.27;11
91;"PicS";2880;0.947;1.147;11
91;"PicS";2880;0.6;0.8;11
91;"PicS";2880;0.604;0.804;11
91;"PicS";2880;0.434;0.634;11
91;"PicS";2880;0.281;0.481;11
91;"PicS";2880;0.676;0.876;11
91;"PicS";2880;0.844;1.044;11
91;"PicS";2880;0.508;0.708;11
91;"PicS";2880;0.705;0.905;11
91;"PicS";2880;0.552;0.752;11
91;"PicS";2880;0.373;0.573;11
92;"PicS";2880;0.602;0.802;11
92;"PicS";2880;1.049;1.249;11
92;"PicS";2880;0.824;1.024;11
92;"PicS";2880;0.782;0.982;11
92;"PicS";2880;1.007;1.207;11
92;"PicS";2880;1.149;1.349;11
92;"PicS";2880;0.969;1.169;11
92;"PicS";2880;1.221;1.421;11
92;"PicS";2880;0.634;0.834;11
92;"PicS";2880;1.257;1.457;11
92;"PicS";2880;0.871;1.071;11
92;"PicS";2880;1.035;1.235;11
92;"PicS";2880;0.429;0.629;11
92;"PicS";2880;1.07;1.27;11
92;"PicS";2880;0.947;1.147;11
92;"PicS";2880;0.6;0.8;11
92;"PicS";2880;0.604;0.804;11
92;"PicS";2880;0.434;0.634;11
92;"PicS";2880;0.281;0.481;11
92;"PicS";2880;0.676;0.876;11
92;"PicS";2880;0.844;1.044;11
92;"PicS";2880;0.508;0.708;11
92;"PicS";2880;0.705;0.905;11
92;"PicS";2880;0.552;0.752;11
92;"PicS";2880;0.373;0.573;11
93;"PicS";2880;0.602;0.802;11
93;"PicS";2880;1.049;1.249;11
93;"PicS";2880;0.824;1.024;11
93;"PicS";2880;0.782;0.982;11
93;"PicS";2880;1.007;1.207;11
93;"PicS";2880;1.149;1.349;11
93;"PicS";2880;0.969;1.169;11
93;"PicS";2880;1.221;1.421;11
93;"PicS";2880;0.634;0.834;11
93;"PicS";2880;1.257;1.457;11
93;"PicS";2880;0.871;1.071;11
93;"PicS";2880;1.035;1.235;11
93;"PicS";2880;0.429;0.629;11
93;"PicS";2880;1.07;1.27;11
93;"PicS";2880;0.947;1.147;11
93;"PicS";2880;0.6;0.8;11
93;"PicS";2880;0.604;0.804;11
93;"PicS";2880;0.434;0.634;11
93;"PicS";2880;0.281;0.481;11
93;"PicS";2880;0.676;0.876;11
93;"PicS";2880;0.844;1.044;11
93;"PicS";2880;0.508;0.708;11
93;"PicS";2880;0.705;0.905;11
93;"PicS";2880;0.552;0.752;11
93;"PicS";2880;0.373;0.573;11
94;"PicS";2880;0.602;0.802;11
94;"PicS";2880;1.049;1.249;11
94;"PicS";2880;0.824;1.024;11
94;"PicS";2880;0.782;0.982;11
94;"PicS";2880;1.007;1.207;11
94;"PicS";2880;1.149;1.349;11
94;"PicS";2880;0.969;1.169;11
94;"PicS";2880;1.221;1.421;11
94;"PicS";2880;0.634;0.834;11
94;"PicS";2880;1.257;1.457;11
94;"PicS";2880;0.871;1.071;11
94;"PicS";2880;1.035;1.235;11
94;"PicS";2880;0.429;0.629;11
94;"PicS";2880;1.07;1.27;11
94;"PicS";2880;0.947;1.147;11
94;"PicS";2880;0.6;0.8;11
94;"PicS";2880;0.604;0.804;11
94;"PicS";2880;0.434;0.634;11
94;"PicS";2880;0.281;0.481;11
94;"PicS";2880;0.676;0.876;11
94;"PicS";2880;0.844;1.044;11
94;"PicS";2880;0.508;0.708;11
94;"PicS";2880;0.705;0.905;11
94;"PicS";2880;0.552;0.752;11
94;"PicS";2880;0.373;0.573;11
95;"PicS";2880;0.602;0.802;11
95;"PicS";2880;1.049;1.249;11
95;"PicS";2880;0.824;1.024;11
95;"PicS";2880;0.782;0.982;11
95;"PicS";2880;1.007;1.207;11
95;"PicS";2880;1.149;1.349;11
95;"PicS";2880;0.969;1.169;11
95;"PicS";2880;1.221;1.421;11
95;"PicS";2880;0.634;0.834;11
95;"PicS";2880;1.257;1.457;11
95;"PicS";2880;0.871;1.071;11
95;"PicS";2880;1.035;1.235;11
95;"PicS";2880;0.429;0.629;11
95;"PicS";2880;1.07;1.27;11
95;"PicS";2880;0.947;1.147;11
95;"PicS";2880;0.6;0.8;11
95;"PicS";2880;0.604;0.804;11
95;"PicS";2880;0.434;0.634;11
95;"PicS";2880;0.281;0.481;11
95;"PicS";2880;0.676;0.876;11
95;"PicS";2880;0.844;1.044;11
95;"PicS";2880;0.508;0.708;11
95;"PicS";2880;0.705;0.905;11
95;"PicS";2880;0.552;0.752;11
95;"PicS";2880;0.373;0.573;11
96;"PicS";2880;0.602;0.802;11
96;"PicS";2880;1.049;1.249;11
96;"PicS";2880;0.824;1.024;11
96;"PicS";2880;0.782;0.982;11
96;"PicS";2880;1.007;1.207;11
96;"PicS";2880;1.149;1.349;11
96;"PicS";2880;0.969;1.169;11
96;"PicS";2880;1.221;1.421;11
96;"PicS";2880;0.634;0.834;11
96;"PicS";2880;1.257;1.457;11
96;"PicS";2880;0.871;1.071;11
96;"PicS";2880;1.035;1.235;11
96;"PicS";2880;0.429;0.629;11
96;"PicS";2880;1.07;1.27;11
96;"PicS";2880;0.947;1.147;11
96;"PicS";2880;0.6;0.8;11
96;"PicS";2880;0.604;0.804;11
96;"PicS";2880;0.434;0.634;11
96;"PicS";2880;0.281;0.481;11
96;"PicS";2880;0.676;0.876;11
96;"PicS";2880;0.844;1.044;11
96;"PicS";2880;0.508;0.708;11
96;"PicS";2880;0.705;0.905;11
96;"PicS";2880;0.552;0.752;11
96;"PicS";2880;0.373;0.573;11
97;"PicS";2880;0.602;0.802;11
97;"PicS";2880;1.049;1.249;11
97;"PicS";2880;0.824;1.024;11
97;"PicS";2880;0.782;0.982;11
97;"PicS";2880;1.007;1.207;11
97;"PicS";2880;1.149;1.349;11
97;"PicS";2880;0.969;1.169;11
97;"PicS";2880;1.221;1.421;11
97;"PicS";2880;0.634;0.834;11
97;"PicS";2880;1.257;1.457;11
97;"PicS";2880;0.871;1.071;11
97;"PicS";2880;1.035;1.235;11
97;"PicS";2880;0.429;0.629;11
97;"PicS";2880;1.07;1.27;11
97;"PicS";2880;0.947;1.147;11
97;"PicS";2880;0.6;0.8;11
97;"PicS";2880;0.604;0.804;11
97;"PicS";2880;0.434;0.634;11
97;"PicS";2880;0.281;0.481;11
97;"PicS";2880;0.676;0.876;11
97;"PicS";2880;0.844;1.044;11
97;"PicS";2880;0.508;0.708;11
97;"PicS";2880;0.705;0.905;11
97;"PicS";2880;0.552;0.752;11
97;"PicS";2880;0.373;0.573;11
98;"PicS";2880;0.602;0.802;11
98;"PicS";2880;1.049;1.249;11
98;"PicS";2880;0.824;1.024;11
98;"PicS";2880;0.782;0.982;11
98;"PicS";2880;1.007;1.207;11
98;"PicS";2880;1.149;1.349;11
98;"PicS";2880;0.969;1.169;11
98;"PicS";2880;1.221;1.421;11
98;"PicS";2880;0.634;0.834;11
98;"PicS";2880;1.257;1.457;11
98;"PicS";2880;0.871;1.071;11
98;"PicS";2880;1.035;1.235;11
98;"PicS";2880;0.429;0.629;11
98;"PicS";2880;1.07;1.27;11
98;"PicS";2880;0.947;1.147;11
98;"PicS";2880;0.6;0.8;11
98;"PicS";2880;0.604;0.804;11
98;"PicS";2880;0.434;0.634;11
98;"PicS";2880;0.281;0.481;11
98;"PicS";2880;0.676;0.876;11
98;"PicS";2880;0.844;1.044;11
98;"PicS";2880;0.508;0.708;11
98;"PicS";2880;0.705;0.905;11
98;"PicS";2880;0.552;0.752;11
98;"PicS";2880;0.373;0.573;11
99;"PicS";2880;0.602;0.802;11
99;"PicS";2880;1.049;1.249;11
99;"PicS";2880;0.824;1.024;11
99;"PicS";2880;0.782;0.982;11
99;"PicS";2880;1.007;1.207;11
99;"PicS";2880;1.149;1.349;11
99;"PicS";2880;0.969;1.169;11
99;"PicS";2880;1.221;1.421;11
99;"PicS";2880;0.634;0.834;11
99;"PicS";2880;1.257;1.457;11
99;"PicS";2880;0.871;1.071;11
99;"PicS";2880;1.035;1.235;11
99;"PicS";2880;0.429;0.629;11
99;"PicS";2880;1.07;1.27;11
99;"PicS";2880;0.947;1.147;11
99;"PicS";2880;0.6;0.8;11
99;"PicS";2880;0.604;0.804;11
99;"PicS";2880;0.434;0.634;11
99;"PicS";2880;0.281;0.481;11
99;"PicS";2880;0.676;0.876;11
99;"PicS";2880;0.844;1.044;11
99;"PicS";2880;0.508;0.708;11
99;"PicS";2880;0.705;0.905;11
99;"PicS";2880;0.552;0.752;11
99;"PicS";2880;0.373;0.573;11
100;"PicS";2880;0.602;0.802;11
100;"PicS";2880;1.049;1.249;11
100;"PicS";2880;0.824;1.024;11
100;"PicS";2880;0.782;0.982;11
100;"PicS";2880;1.007;1.207;11
100;"PicS";2880;1.149;1.349;11
100;"PicS";2880;0.969;1.169;11
100;"PicS";2880;1.221;1.421;11
100;"PicS";2880;0.634;0.834;11
100;"PicS";2880;1.257;1.457;11
100;"PicS";2880;0.871;1.071;11
100;"PicS";2880;1.035;1.235;11
100;"PicS";2880;0.429;0.629;11
100;"PicS";2880;1.07;1.27;11
100;"PicS";2880;0.947;1.147;11
100;"PicS";2880;0.6;0.8;11
100;"PicS";2880;0.604;0.804;11
100;"PicS";2880;0.434;0.634;11
100;"PicS";2880;0.281;0.481;11
100;"PicS";2880;0.676;0.876;11
100;"PicS";2880;0.844;1.044;11
100;"PicS";2880;0.508;0.708;11
100;"PicS";2880;0.705;0.905;11
100;"PicS";2880;0.552;0.752;11
100;"PicS";2880;0.373;0.573;11
101;"PicS";2880;0.602;0.802;11
101;"PicS";2880;1.049;1.249;11
101;"PicS";2880;0.824;1.024;11
101;"PicS";2880;0.782;0.982;11
101;"PicS";2880;1.007;1.207;11
101;"PicS";2880;1.149;1.349;11
101;"PicS";2880;0.969;1.169;11
101;"PicS";2880;1.221;1.421;11
101;"PicS";2880;0.634;0.834;11
101;"PicS";2880;1.257;1.457;11
101;"PicS";2880;0.871;1.071;11
101;"PicS";2880;1.035;1.235;11
101;"PicS";2880;0.429;0.629;11
101;"PicS";2880;1.07;1.27;11
101;"PicS";2880;0.947;1.147;11
101;"PicS";2880;0.6;0.8;11
101;"PicS";2880;0.604;0.804;11
101;"PicS";2880;0.434;0.634;11
101;"PicS";2880;0.281;0.481;11
101;"PicS";2880;0.676;0.876;11
101;"PicS";2880;0.844;1.044;11
101;"PicS";2880;0.508;0.708;11
101;"PicS";2880;0.705;0.905;11
101;"PicS";2880;0.552;0.752;11
101;"PicS";2880;0.373;0.573;11
102;"PicS";2880;0.602;0.802;11
102;"PicS";2880;1.049;1.249;11
102;"PicS";2880;0.824;1.024;11
102;"PicS";2880;0.782;0.982;11
102;"PicS";2880;1.007;1.207;11
102;"PicS";2880;1.149;1.349;11
102;"PicS";2880;0.969;1.169;11
102;"PicS";2880;1.221;1.421;11
102;"PicS";2880;0.634;0.834;11
102;"PicS";2880;1.257;1.457;11
102;"PicS";2880;0.871;1.071;11
102;"PicS";2880;1.035;1.235;11
102;"PicS";2880;0.429;0.629;11
102;"PicS";2880;1.07;1.27;11
102;"PicS";2880;0.947;1.147;11
102;"PicS";2880;0.6;0.8;11
102;"PicS";2880;0.604;0.804;11
102;"PicS";2880;0.434;0.634;11
102;"PicS";2880;0.281;0.481;11
102;"PicS";2880;0.676;0.876;11
102;"PicS";2880;0.844;1.044;11
102;"PicS";2880;0.508;0.708;11
102;"PicS";2880;0.705;0.905;11
102;"PicS";2880;0.552;0.752;11
102;"PicS";2880;0.373;0.573;11
103;"PicS";2880;0.602;0.802;11
103;"PicS";2880;1.049;1.249;11
103;"PicS";2880;0.824;1.024;11
103;"PicS";2880;0.782;0.982;11
103;"PicS";2880;1.007;1.207;11
103;"PicS";2880;1.149;1.349;11
103;"PicS";2880;0.969;1.169;11
103;"PicS";2880;1.221;1.421;11
103;"PicS";2880;0.634;0.834;11
103;"PicS";2880;1.257;1.457;11
103;"PicS";2880;0.871;1.071;11
103;"PicS";2880;1.035;1.235;11
103;"PicS";2880;0.429;0.629;11
103;"PicS";2880;1.07;1.27;11
103;"PicS";2880;0.947;1.147;11
103;"PicS";2880;0.6;0.8;11
103;"PicS";2880;0.604;0.804;11
103;"PicS";2880;0.434;0.634;11
103;"PicS";2880;0.281;0.481;11
103;"PicS";2880;0.676;0.876;11
103;"PicS";2880;0.844;1.044;11
103;"PicS";2880;0.508;0.708;11
103;"PicS";2880;0.705;0.905;11
103;"PicS";2880;0.552;0.752;11
103;"PicS";2880;0.373;0.573;11
104;"PicS";2880;0.602;0.802;11
104;"PicS";2880;1.049;1.249;11
104;"PicS";2880;0.824;1.024;11
104;"PicS";2880;0.782;0.982;11
104;"PicS";2880;1.007;1.207;11
104;"PicS";2880;1.149;1.349;11
104;"PicS";2880;0.969;1.169;11
104;"PicS";2880;1.221;1.421;11
104;"PicS";2880;0.634;0.834;11
104;"PicS";2880;1.257;1.457;11
104;"PicS";2880;0.871;1.071;11
104;"PicS";2880;1.035;1.235;11
104;"PicS";2880;0.429;0.629;11
104;"PicS";2880;1.07;1.27;11
104;"PicS";2880;0.947;1.147;11
104;"PicS";2880;0.6;0.8;11
104;"PicS";2880;0.604;0.804;11
104;"PicS";2880;0.434;0.634;11
104;"PicS";2880;0.281;0.481;11
104;"PicS";2880;0.676;0.876;11
104;"PicS";2880;0.844;1.044;11
104;"PicS";2880;0.508;0.708;11
104;"PicS";2880;0.705;0.905;11
104;"PicS";2880;0.552;0.752;11
104;"PicS";2880;0.373;0.573;11
105;"PicS";2880;0.602;0.802;11
105;"PicS";2880;1.049;1.249;11
105;"PicS";2880;0.824;1.024;11
105;"PicS";2880;0.782;0.982;11
105;"PicS";2880;1.007;1.207;11
105;"PicS";2880;1.149;1.349;11
105;"PicS";2880;0.969;1.169;11
105;"PicS";2880;1.221;1.421;11
105;"PicS";2880;0.634;0.834;11
105;"PicS";2880;1.257;1.457;11
105;"PicS";2880;0.871;1.071;11
105;"PicS";2880;1.035;1.235;11
105;"PicS";2880;0.429;0.629;11
105;"PicS";2880;1.07;1.27;11
105;"PicS";2880;0.947;1.147;11
105;"PicS";2880;0.6;0.8;11
105;"PicS";2880;0.604;0.804;11
105;"PicS";2880;0.434;0.634;11
105;"PicS";2880;0.281;0.481;11
105;"PicS";2880;0.676;0.876;11
105;"PicS";2880;0.844;1.044;11
105;"PicS";2880;0.508;0.708;11
105;"PicS";2880;0.705;0.905;11
105;"PicS";2880;0.552;0.752;11
105;"PicS";2880;0.373;0.573;11
106;"PicS";2880;0.602;0.802;11
106;"PicS";2880;1.049;1.249;11
106;"PicS";2880;0.824;1.024;11
106;"PicS";2880;0.782;0.982;11
106;"PicS";2880;1.007;1.207;11
106;"PicS";2880;1.149;1.349;11
106;"PicS";2880;0.969;1.169;11
106;"PicS";2880;1.221;1.421;11
106;"PicS";2880;0.634;0.834;11
106;"PicS";2880;1.257;1.457;11
106;"PicS";2880;0.871;1.071;11
106;"PicS";2880;1.035;1.235;11
106;"PicS";2880;0.429;0.629;11
106;"PicS";2880;1.07;1.27;11
106;"PicS";2880;0.947;1.147;11
106;"PicS";2880;0.6;0.8;11
106;"PicS";2880;0.604;0.804;11
106;"PicS";2880;0.434;0.634;11
106;"PicS";2880;0.281;0.481;11
106;"PicS";2880;0.676;0.876;11
106;"PicS";2880;0.844;1.044;11
106;"PicS";2880;0.508;0.708;11
106;"PicS";2880;0.705;0.905;11
106;"PicS";2880;0.552;0.752;11
106;"PicS";2880;0.373;0.573;11
107;"PicS";2880;0.602;0.802;11
107;"PicS";2880;1.049;1.249;11
107;"PicS";2880;0.824;1.024;11
107;"PicS";2880;0.782;0.982;11
107;"PicS";2880;1.007;1.207;11
107;"PicS";2880;1.149;1.349;11
107;"PicS";2880;0.969;1.169;11
107;"PicS";2880;1.221;1.421;11
107;"PicS";2880;0.634;0.834;11
107;"PicS";2880;1.257;1.457;11
107;"PicS";2880;0.871;1.071;11
107;"PicS";2880;1.035;1.235;11
107;"PicS";2880;0.429;0.629;11
107;"PicS";2880;1.07;1.27;11
107;"PicS";2880;0.947;1.147;11
107;"PicS";2880;0.6;0.8;11
107;"PicS";2880;0.604;0.804;11
107;"PicS";2880;0.434;0.634;11
107;"PicS";2880;0.281;0.481;11
107;"PicS";2880;0.676;0.876;11
107;"PicS";2880;0.844;1.044;11
107;"PicS";2880;0.508;0.708;11
107;"PicS";2880;0.705;0.905;11
107;"PicS";2880;0.552;0.752;11
107;"PicS";2880;0.373;0.573;11
108;"PicS";2880;0.602;0.802;11
108;"PicS";2880;1.049;1.249;11
108;"PicS";2880;0.824;1.024;11
108;"PicS";2880;0.782;0.982;11
108;"PicS";2880;1.007;1.207;11
108;"PicS";2880;1.149;1.349;11
108;"PicS";2880;0.969;1.169;11
108;"PicS";2880;1.221;1.421;11
108;"PicS";2880;0.634;0.834;11
108;"PicS";2880;1.257;1.457;11
108;"PicS";2880;0.871;1.071;11
108;"PicS";2880;1.035;1.235;11
108;"PicS";2880;0.429;0.629;11
108;"PicS";2880;1.07;1.27;11
108;"PicS";2880;0.947;1.147;11
108;"PicS";2880;0.6;0.8;11
108;"PicS";2880;0.604;0.804;11
108;"PicS";2880;0.434;0.634;11
108;"PicS";2880;0.281;0.481;11
108;"PicS";2880;0.676;0.876;11
108;"PicS";2880;0.844;1.044;11
108;"PicS";2880;0.508;0.708;11
108;"PicS";2880;0.705;0.905;11
108;"PicS";2880;0.552;0.752;11
108;"PicS";2880;0.373;0.573;11
109;"PicS";2880;0.602;0.802;11
109;"PicS";2880;1.049;1.249;11
109;"PicS";2880;0.824;1.024;11
109;"PicS";2880;0.782;0.982;11
109;"PicS";2880;1.007;1.207;11
109;"PicS";2880;1.149;1.349;11
109;"PicS";2880;0.969;1.169;11
109;"PicS";2880;1.221;1.421;11
109;"PicS";2880;0.634;0.834;11
109;"PicS";2880;1.257;1.457;11
109;"PicS";2880;0.871;1.071;11
109;"PicS";2880;1.035;1.235;11
109;"PicS";2880;0.429;0.629;11
109;"PicS";2880;1.07;1.27;11
109;"PicS";2880;0.947;1.147;11
109;"PicS";2880;0.6;0.8;11
109;"PicS";2880;0.604;0.804;11
109;"PicS";2880;0.434;0.634;11
109;"PicS";2880;0.281;0.481;11
109;"PicS";2880;0.676;0.876;11
109;"PicS";2880;0.844;1.044;11
109;"PicS";2880;0.508;0.708;11
109;"PicS";2880;0.705;0.905;11
109;"PicS";2880;0.552;0.752;11
109;"PicS";2880;0.373;0.573;11
110;"PicS";2880;0.602;0.802;11
110;"PicS";2880;1.049;1.249;11
110;"PicS";2880;0.824;1.024;11
110;"PicS";2880;0.782;0.982;11
110;"PicS";2880;1.007;1.207;11
110;"PicS";2880;1.149;1.349;11
110;"PicS";2880;0.969;1.169;11
110;"PicS";2880;1.221;1.421;11
110;"PicS";2880;0.634;0.834;11
110;"PicS";2880;1.257;1.457;11
110;"PicS";2880;0.871;1.071;11
110;"PicS";2880;1.035;1.235;11
110;"PicS";2880;0.429;0.629;11
110;"PicS";2880;1.07;1.27;11
110;"PicS";2880;0.947;1.147;11
110;"PicS";2880;0.6;0.8;11
110;"PicS";2880;0.604;0.804;11
110;"PicS";2880;0.434;0.634;11
110;"PicS";2880;0.281;0.481;11
110;"PicS";2880;0.676;0.876;11
110;"PicS";2880;0.844;1.044;11
110;"PicS";2880;0.508;0.708;11
110;"PicS";2880;0.705;0.905;11
110;"PicS";2880;0.552;0.752;11
110;"PicS";2880;0.373;0.573;11
111;"PicS";2880;0.602;0.802;11
111;"PicS";2880;1.049;1.249;11
111;"PicS";2880;0.824;1.024;11
111;"PicS";2880;0.782;0.982;11
111;"PicS";2880;1.007;1.207;11
111;"PicS";2880;1.149;1.349;11
111;"PicS";2880;0.969;1.169;11
111;"PicS";2880;1.221;1.421;11
111;"PicS";2880;0.634;0.834;11
111;"PicS";2880;1.257;1.457;11
111;"PicS";2880;0.871;1.071;11
111;"PicS";2880;1.035;1.235;11
111;"PicS";2880;0.429;0.629;11
111;"PicS";2880;1.07;1.27;11
111;"PicS";2880;0.947;1.147;11
111;"PicS";2880;0.6;0.8;11
111;"PicS";2880;0.604;0.804;11
111;"PicS";2880;0.434;0.634;11
111;"PicS";2880;0.281;0.481;11
111;"PicS";2880;0.676;0.876;11
111;"PicS";2880;0.844;1.044;11
111;"PicS";2880;0.508;0.708;11
111;"PicS";2880;0.705;0.905;11
111;"PicS";2880;0.552;0.752;11
111;"PicS";2880;0.373;0.573;11
112;"PicS";2880;0.602;0.802;11
112;"PicS";2880;1.049;1.249;11
112;"PicS";2880;0.824;1.024;11
112;"PicS";2880;0.782;0.982;11
112;"PicS";2880;1.007;1.207;11
112;"PicS";2880;1.149;1.349;11
112;"PicS";2880;0.969;1.169;11
112;"PicS";2880;1.221;1.421;11
112;"PicS";2880;0.634;0.834;11
112;"PicS";2880;1.257;1.457;11
112;"PicS";2880;0.871;1.071;11
112;"PicS";2880;1.035;1.235;11
112;"PicS";2880;0.429;0.629;11
112;"PicS";2880;1.07;1.27;11
112;"PicS";2880;0.947;1.147;11
112;"PicS";2880;0.6;0.8;11
112;"PicS";2880;0.604;0.804;11
112;"PicS";2880;0.434;0.634;11
112;"PicS";2880;0.281;0.481;11
112;"PicS";2880;0.676;0.876;11
112;"PicS";2880;0.844;1.044;11
112;"PicS";2880;0.508;0.708;11
112;"PicS";2880;0.705;0.905;11
112;"PicS";2880;0.552;0.752;11
112;"PicS";2880;0.373;0.573;11
113;"PicS";2880;0.602;0.802;11
113;"PicS";2880;1.049;1.249;11
113;"PicS";2880;0.824;1.024;11
113;"PicS";2880;0.782;0.982;11
113;"PicS";2880;1.007;1.207;11
113;"PicS";2880;1.149;1.349;11
113;"PicS";2880;0.969;1.169;11
113;"PicS";2880;1.221;1.421;11
113;"PicS";2880;0.634;0.834;11
113;"PicS";2880;1.257;1.457;11
113;"PicS";2880;0.871;1.071;11
113;"PicS";2880;1.035;1.235;11
113;"PicS";2880;0.429;0.629;11
113;"PicS";2880;1.07;1.27;11
113;"PicS";2880;0.947;1.147;11
113;"PicS";2880;0.6;0.8;11
113;"PicS";2880;0.604;0.804;11
113;"PicS";2880;0.434;0.634;11
113;"PicS";2880;0.281;0.481;11
113;"PicS";2880;0.676;0.876;11
113;"PicS";2880;0.844;1.044;11
113;"PicS";2880;0.508;0.708;11
113;"PicS";2880;0.705;0.905;11
113;"PicS";2880;0.552;0.752;11
113;"PicS";2880;0.373;0.573;11
114;"PicS";2880;0.602;0.802;11
114;"PicS";2880;1.049;1.249;11
114;"PicS";2880;0.824;1.024;11
114;"PicS";2880;0.782;0.982;11
114;"PicS";2880;1.007;1.207;11
114;"PicS";2880;1.149;1.349;11
114;"PicS";2880;0.969;1.169;11
114;"PicS";2880;1.221;1.421;11
114;"PicS";2880;0.634;0.834;11
114;"PicS";2880;1.257;1.457;11
114;"PicS";2880;0.871;1.071;11
114;"PicS";2880;1.035;1.235;11
114;"PicS";2880;0.429;0.629;11
114;"PicS";2880;1.07;1.27;11
114;"PicS";2880;0.947;1.147;11
114;"PicS";2880;0.6;0.8;11
114;"PicS";2880;0.604;0.804;11
114;"PicS";2880;0.434;0.634;11
114;"PicS";2880;0.281;0.481;11
114;"PicS";2880;0.676;0.876;11
114;"PicS";2880;0.844;1.044;11
114;"PicS";2880;0.508;0.708;11
114;"PicS";2880;0.705;0.905;11
114;"PicS";2880;0.552;0.752;11
114;"PicS";2880;0.373;0.573;11
115;"PicS";2880;0.602;0.802;11
115;"PicS";2880;1.049;1.249;11
115;"PicS";2880;0.824;1.024;11
115;"PicS";2880;0.782;0.982;11
115;"PicS";2880;1.007;1.207;11
115;"PicS";2880;1.149;1.349;11
115;"PicS";2880;0.969;1.169;11
115;"PicS";2880;1.221;1.421;11
115;"PicS";2880;0.634;0.834;11
115;"PicS";2880;1.257;1.457;11
115;"PicS";2880;0.871;1.071;11
115;"PicS";2880;1.035;1.235;11
115;"PicS";2880;0.429;0.629;11
115;"PicS";2880;1.07;1.27;11
115;"PicS";2880;0.947;1.147;11
115;"PicS";2880;0.6;0.8;11
115;"PicS";2880;0.604;0.804;11
115;"PicS";2880;0.434;0.634;11
115;"PicS";2880;0.281;0.481;11
115;"PicS";2880;0.676;0.876;11
115;"PicS";2880;0.844;1.044;11
115;"PicS";2880;0.508;0.708;11
115;"PicS";2880;0.705;0.905;11
115;"PicS";2880;0.552;0.752;11
115;"PicS";2880;0.373;0.573;11
116;"PicS";2880;0.602;0.802;11
116;"PicS";2880;1.049;1.249;11
116;"PicS";2880;0.824;1.024;11
116;"PicS";2880;0.782;0.982;11
116;"PicS";2880;1.007;1.207;11
116;"PicS";2880;1.149;1.349;11
116;"PicS";2880;0.969;1.169;11
116;"PicS";2880;1.221;1.421;11
116;"PicS";2880;0.634;0.834;11
116;"PicS";2880;1.257;1.457;11
116;"PicS";2880;0.871;1.071;11
116;"PicS";2880;1.035;1.235;11
116;"PicS";2880;0.429;0.629;11
116;"PicS";2880;1.07;1.27;11
116;"PicS";2880;0.947;1.147;11
116;"PicS";2880;0.6;0.8;11
116;"PicS";2880;0.604;0.804;11
116;"PicS";2880;0.434;0.634;11
116;"PicS";2880;0.281;0.481;11
116;"PicS";2880;0.676;0.876;11
116;"PicS";2880;0.844;1.044;11
116;"PicS";2880;0.508;0.708;11
116;"PicS";2880;0.705;0.905;11
116;"PicS";2880;0.552;0.752;11
116;"PicS";2880;0.373;0.573;11
117;"PicS";2880;0.602;0.802;11
117;"PicS";2880;1.049;1.249;11
117;"PicS";2880;0.824;1.024;11
117;"PicS";2880;0.782;0.982;11
117;"PicS";2880;1.007;1.207;11
117;"PicS";2880;1.149;1.349;11
117;"PicS";2880;0.969;1.169;11
117;"PicS";2880;1.221;1.421;11
117;"PicS";2880;0.634;0.834;11
117;"PicS";2880;1.257;1.457;11
117;"PicS";2880;0.871;1.071;11
117;"PicS";2880;1.035;1.235;11
117;"PicS";2880;0.429;0.629;11
117;"PicS";2880;1.07;1.27;11
117;"PicS";2880;0.947;1.147;11
117;"PicS";2880;0.6;0.8;11
117;"PicS";2880;0.604;0.804;11
117;"PicS";2880;0.434;0.634;11
117;"PicS";2880;0.281;0.481;11
117;"PicS";2880;0.676;0.876;11
117;"PicS";2880;0.844;1.044;11
117;"PicS";2880;0.508;0.708;11
117;"PicS";2880;0.705;0.905;11
117;"PicS";2880;0.552;0.752;11
117;"PicS";2880;0.373;0.573;11
118;"PicS";2880;0.602;0.802;11
118;"PicS";2880;1.049;1.249;11
118;"PicS";2880;0.824;1.024;11
118;"PicS";2880;0.782;0.982;11
118;"PicS";2880;1.007;1.207;11
118;"PicS";2880;1.149;1.349;11
118;"PicS";2880;0.969;1.169;11
118;"PicS";2880;1.221;1.421;11
118;"PicS";2880;0.634;0.834;11
118;"PicS";2880;1.257;1.457;11
118;"PicS";2880;0.871;1.071;11
118;"PicS";2880;1.035;1.235;11
118;"PicS";2880;0.429;0.629;11
118;"PicS";2880;1.07;1.27;11
118;"PicS";2880;0.947;1.147;11
118;"PicS";2880;0.6;0.8;11
118;"PicS";2880;0.604;0.804;11
118;"PicS";2880;0.434;0.634;11
118;"PicS";2880;0.281;0.481;11
118;"PicS";2880;0.676;0.876;11
118;"PicS";2880;0.844;1.044;11
118;"PicS";2880;0.508;0.708;11
118;"PicS";2880;0.705;0.905;11
118;"PicS";2880;0.552;0.752;11
118;"PicS";2880;0.373;0.573;11
119;"PicS";2880;0.602;0.802;11
119;"PicS";2880;1.049;1.249;11
119;"PicS";2880;0.824;1.024;11
119;"PicS";2880;0.782;0.982;11
119;"PicS";2880;1.007;1.207;11
119;"PicS";2880;1.149;1.349;11
119;"PicS";2880;0.969;1.169;11
119;"PicS";2880;1.221;1.421;11
119;"PicS";2880;0.634;0.834;11
119;"PicS";2880;1.257;1.457;11
119;"PicS";2880;0.871;1.071;11
119;"PicS";2880;1.035;1.235;11
119;"PicS";2880;0.429;0.629;11
119;"PicS";2880;1.07;1.27;11
119;"PicS";2880;0.947;1.147;11
119;"PicS";2880;0.6;0.8;11
119;"PicS";2880;0.604;0.804;11
119;"PicS";2880;0.434;0.634;11
119;"PicS";2880;0.281;0.481;11
119;"PicS";2880;0.676;0.876;11
119;"PicS";2880;0.844;1.044;11
119;"PicS";2880;0.508;0.708;11
119;"PicS";2880;0.705;0.905;11
119;"PicS";2880;0.552;0.752;11
119;"PicS";2880;0.373;0.573;11
120;"PicS";2880;0.602;0.802;11
120;"PicS";2880;1.049;1.249;11
120;"PicS";2880;0.824;1.024;11
120;"PicS";2880;0.782;0.982;11
120;"PicS";2880;1.007;1.207;11
120;"PicS";2880;1.149;1.349;11
120;"PicS";2880;0.969;1.169;11
120;"PicS";2880;1.221;1.421;11
120;"PicS";2880;0.634;0.834;11
120;"PicS";2880;1.257;1.457;11
120;"PicS";2880;0.871;1.071;11
120;"PicS";2880;1.035;1.235;11
120;"PicS";2880;0.429;0.629;11
120;"PicS";2880;1.07;1.27;11
120;"PicS";2880;0.947;1.147;11
120;"PicS";2880;0.6;0.8;11
120;"PicS";2880;0.604;0.804;11
120;"PicS";2880;0.434;0.634;11
120;"PicS";2880;0.281;0.481;11
120;"PicS";2880;0.676;0.876;11
120;"PicS";2880;0.844;1.044;11
120;"PicS";2880;0.508;0.708;11
120;"PicS";2880;0.705;0.905;11
120;"PicS";2880;0.552;0.752;11
120;"PicS";2880;0.373;0.573;11
