"stand_id";"species";"count";"height_from";"height_to";"age"
1;"Pico";24;1.998;2.198;11
1;"Pico";24;0.19;0.39;11
1;"Pico";24;1.423;1.623;11
1;"Pico";24;1.117;1.317;11
1;"Pico";24;1.89;2.09;11
1;"Pico";24;0.89;1.09;11
1;"Pico";24;0.919;1.119;11
1;"Pico";24;0.962;1.162;11
1;"Pico";24;0.82;1.02;11
1;"Pico";24;0.581;0.781;11
1;"Pico";24;0.5;0.7;11
1;"Pico";24;1.965;2.165;11
1;"Pico";24;0.456;0.656;11
1;"Pico";24;1.028;1.228;11
1;"Pico";24;1.086;1.286;11
1;"Pico";24;1.248;1.448;11
1;"Pico";24;1.272;1.472;11
1;"Pico";24;0.835;1.035;11
1;"Pico";24;0.637;0.837;11
1;"Pico";24;0.728;0.928;11
1;"Pico";24;0.845;1.045;11
1;"Pico";24;0.162;0.362;11
1;"Pico";24;1.605;1.805;11
1;"Pico";24;0.573;0.773;11
1;"Pico";24;0.319;0.519;11
2;"Pico";24;1.998;2.198;11
2;"Pico";24;0.19;0.39;11
2;"Pico";24;1.423;1.623;11
2;"Pico";24;1.117;1.317;11
2;"Pico";24;1.89;2.09;11
2;"Pico";24;0.89;1.09;11
2;"Pico";24;0.919;1.119;11
2;"Pico";24;0.962;1.162;11
2;"Pico";24;0.82;1.02;11
2;"Pico";24;0.581;0.781;11
2;"Pico";24;0.5;0.7;11
2;"Pico";24;1.965;2.165;11
2;"Pico";24;0.456;0.656;11
2;"Pico";24;1.028;1.228;11
2;"Pico";24;1.086;1.286;11
2;"Pico";24;1.248;1.448;11
2;"Pico";24;1.272;1.472;11
2;"Pico";24;0.835;1.035;11
2;"Pico";24;0.637;0.837;11
2;"Pico";24;0.728;0.928;11
2;"Pico";24;0.845;1.045;11
2;"Pico";24;0.162;0.362;11
2;"Pico";24;1.605;1.805;11
2;"Pico";24;0.573;0.773;11
2;"Pico";24;0.319;0.519;11
3;"Pico";24;1.998;2.198;11
3;"Pico";24;0.19;0.39;11
3;"Pico";24;1.423;1.623;11
3;"Pico";24;1.117;1.317;11
3;"Pico";24;1.89;2.09;11
3;"Pico";24;0.89;1.09;11
3;"Pico";24;0.919;1.119;11
3;"Pico";24;0.962;1.162;11
3;"Pico";24;0.82;1.02;11
3;"Pico";24;0.581;0.781;11
3;"Pico";24;0.5;0.7;11
3;"Pico";24;1.965;2.165;11
3;"Pico";24;0.456;0.656;11
3;"Pico";24;1.028;1.228;11
3;"Pico";24;1.086;1.286;11
3;"Pico";24;1.248;1.448;11
3;"Pico";24;1.272;1.472;11
3;"Pico";24;0.835;1.035;11
3;"Pico";24;0.637;0.837;11
3;"Pico";24;0.728;0.928;11
3;"Pico";24;0.845;1.045;11
3;"Pico";24;0.162;0.362;11
3;"Pico";24;1.605;1.805;11
3;"Pico";24;0.573;0.773;11
3;"Pico";24;0.319;0.519;11
4;"Pico";24;1.998;2.198;11
4;"Pico";24;0.19;0.39;11
4;"Pico";24;1.423;1.623;11
4;"Pico";24;1.117;1.317;11
4;"Pico";24;1.89;2.09;11
4;"Pico";24;0.89;1.09;11
4;"Pico";24;0.919;1.119;11
4;"Pico";24;0.962;1.162;11
4;"Pico";24;0.82;1.02;11
4;"Pico";24;0.581;0.781;11
4;"Pico";24;0.5;0.7;11
4;"Pico";24;1.965;2.165;11
4;"Pico";24;0.456;0.656;11
4;"Pico";24;1.028;1.228;11
4;"Pico";24;1.086;1.286;11
4;"Pico";24;1.248;1.448;11
4;"Pico";24;1.272;1.472;11
4;"Pico";24;0.835;1.035;11
4;"Pico";24;0.637;0.837;11
4;"Pico";24;0.728;0.928;11
4;"Pico";24;0.845;1.045;11
4;"Pico";24;0.162;0.362;11
4;"Pico";24;1.605;1.805;11
4;"Pico";24;0.573;0.773;11
4;"Pico";24;0.319;0.519;11
5;"Pico";24;1.998;2.198;11
5;"Pico";24;0.19;0.39;11
5;"Pico";24;1.423;1.623;11
5;"Pico";24;1.117;1.317;11
5;"Pico";24;1.89;2.09;11
5;"Pico";24;0.89;1.09;11
5;"Pico";24;0.919;1.119;11
5;"Pico";24;0.962;1.162;11
5;"Pico";24;0.82;1.02;11
5;"Pico";24;0.581;0.781;11
5;"Pico";24;0.5;0.7;11
5;"Pico";24;1.965;2.165;11
5;"Pico";24;0.456;0.656;11
5;"Pico";24;1.028;1.228;11
5;"Pico";24;1.086;1.286;11
5;"Pico";24;1.248;1.448;11
5;"Pico";24;1.272;1.472;11
5;"Pico";24;0.835;1.035;11
5;"Pico";24;0.637;0.837;11
5;"Pico";24;0.728;0.928;11
5;"Pico";24;0.845;1.045;11
5;"Pico";24;0.162;0.362;11
5;"Pico";24;1.605;1.805;11
5;"Pico";24;0.573;0.773;11
5;"Pico";24;0.319;0.519;11
6;"Pico";24;1.998;2.198;11
6;"Pico";24;0.19;0.39;11
6;"Pico";24;1.423;1.623;11
6;"Pico";24;1.117;1.317;11
6;"Pico";24;1.89;2.09;11
6;"Pico";24;0.89;1.09;11
6;"Pico";24;0.919;1.119;11
6;"Pico";24;0.962;1.162;11
6;"Pico";24;0.82;1.02;11
6;"Pico";24;0.581;0.781;11
6;"Pico";24;0.5;0.7;11
6;"Pico";24;1.965;2.165;11
6;"Pico";24;0.456;0.656;11
6;"Pico";24;1.028;1.228;11
6;"Pico";24;1.086;1.286;11
6;"Pico";24;1.248;1.448;11
6;"Pico";24;1.272;1.472;11
6;"Pico";24;0.835;1.035;11
6;"Pico";24;0.637;0.837;11
6;"Pico";24;0.728;0.928;11
6;"Pico";24;0.845;1.045;11
6;"Pico";24;0.162;0.362;11
6;"Pico";24;1.605;1.805;11
6;"Pico";24;0.573;0.773;11
6;"Pico";24;0.319;0.519;11
7;"Pico";24;1.998;2.198;11
7;"Pico";24;0.19;0.39;11
7;"Pico";24;1.423;1.623;11
7;"Pico";24;1.117;1.317;11
7;"Pico";24;1.89;2.09;11
7;"Pico";24;0.89;1.09;11
7;"Pico";24;0.919;1.119;11
7;"Pico";24;0.962;1.162;11
7;"Pico";24;0.82;1.02;11
7;"Pico";24;0.581;0.781;11
7;"Pico";24;0.5;0.7;11
7;"Pico";24;1.965;2.165;11
7;"Pico";24;0.456;0.656;11
7;"Pico";24;1.028;1.228;11
7;"Pico";24;1.086;1.286;11
7;"Pico";24;1.248;1.448;11
7;"Pico";24;1.272;1.472;11
7;"Pico";24;0.835;1.035;11
7;"Pico";24;0.637;0.837;11
7;"Pico";24;0.728;0.928;11
7;"Pico";24;0.845;1.045;11
7;"Pico";24;0.162;0.362;11
7;"Pico";24;1.605;1.805;11
7;"Pico";24;0.573;0.773;11
7;"Pico";24;0.319;0.519;11
8;"Pico";24;1.998;2.198;11
8;"Pico";24;0.19;0.39;11
8;"Pico";24;1.423;1.623;11
8;"Pico";24;1.117;1.317;11
8;"Pico";24;1.89;2.09;11
8;"Pico";24;0.89;1.09;11
8;"Pico";24;0.919;1.119;11
8;"Pico";24;0.962;1.162;11
8;"Pico";24;0.82;1.02;11
8;"Pico";24;0.581;0.781;11
8;"Pico";24;0.5;0.7;11
8;"Pico";24;1.965;2.165;11
8;"Pico";24;0.456;0.656;11
8;"Pico";24;1.028;1.228;11
8;"Pico";24;1.086;1.286;11
8;"Pico";24;1.248;1.448;11
8;"Pico";24;1.272;1.472;11
8;"Pico";24;0.835;1.035;11
8;"Pico";24;0.637;0.837;11
8;"Pico";24;0.728;0.928;11
8;"Pico";24;0.845;1.045;11
8;"Pico";24;0.162;0.362;11
8;"Pico";24;1.605;1.805;11
8;"Pico";24;0.573;0.773;11
8;"Pico";24;0.319;0.519;11
9;"Pico";24;1.998;2.198;11
9;"Pico";24;0.19;0.39;11
9;"Pico";24;1.423;1.623;11
9;"Pico";24;1.117;1.317;11
9;"Pico";24;1.89;2.09;11
9;"Pico";24;0.89;1.09;11
9;"Pico";24;0.919;1.119;11
9;"Pico";24;0.962;1.162;11
9;"Pico";24;0.82;1.02;11
9;"Pico";24;0.581;0.781;11
9;"Pico";24;0.5;0.7;11
9;"Pico";24;1.965;2.165;11
9;"Pico";24;0.456;0.656;11
9;"Pico";24;1.028;1.228;11
9;"Pico";24;1.086;1.286;11
9;"Pico";24;1.248;1.448;11
9;"Pico";24;1.272;1.472;11
9;"Pico";24;0.835;1.035;11
9;"Pico";24;0.637;0.837;11
9;"Pico";24;0.728;0.928;11
9;"Pico";24;0.845;1.045;11
9;"Pico";24;0.162;0.362;11
9;"Pico";24;1.605;1.805;11
9;"Pico";24;0.573;0.773;11
9;"Pico";24;0.319;0.519;11
10;"Pico";24;1.998;2.198;11
10;"Pico";24;0.19;0.39;11
10;"Pico";24;1.423;1.623;11
10;"Pico";24;1.117;1.317;11
10;"Pico";24;1.89;2.09;11
10;"Pico";24;0.89;1.09;11
10;"Pico";24;0.919;1.119;11
10;"Pico";24;0.962;1.162;11
10;"Pico";24;0.82;1.02;11
10;"Pico";24;0.581;0.781;11
10;"Pico";24;0.5;0.7;11
10;"Pico";24;1.965;2.165;11
10;"Pico";24;0.456;0.656;11
10;"Pico";24;1.028;1.228;11
10;"Pico";24;1.086;1.286;11
10;"Pico";24;1.248;1.448;11
10;"Pico";24;1.272;1.472;11
10;"Pico";24;0.835;1.035;11
10;"Pico";24;0.637;0.837;11
10;"Pico";24;0.728;0.928;11
10;"Pico";24;0.845;1.045;11
10;"Pico";24;0.162;0.362;11
10;"Pico";24;1.605;1.805;11
10;"Pico";24;0.573;0.773;11
10;"Pico";24;0.319;0.519;11
11;"Pico";24;1.998;2.198;11
11;"Pico";24;0.19;0.39;11
11;"Pico";24;1.423;1.623;11
11;"Pico";24;1.117;1.317;11
11;"Pico";24;1.89;2.09;11
11;"Pico";24;0.89;1.09;11
11;"Pico";24;0.919;1.119;11
11;"Pico";24;0.962;1.162;11
11;"Pico";24;0.82;1.02;11
11;"Pico";24;0.581;0.781;11
11;"Pico";24;0.5;0.7;11
11;"Pico";24;1.965;2.165;11
11;"Pico";24;0.456;0.656;11
11;"Pico";24;1.028;1.228;11
11;"Pico";24;1.086;1.286;11
11;"Pico";24;1.248;1.448;11
11;"Pico";24;1.272;1.472;11
11;"Pico";24;0.835;1.035;11
11;"Pico";24;0.637;0.837;11
11;"Pico";24;0.728;0.928;11
11;"Pico";24;0.845;1.045;11
11;"Pico";24;0.162;0.362;11
11;"Pico";24;1.605;1.805;11
11;"Pico";24;0.573;0.773;11
11;"Pico";24;0.319;0.519;11
12;"Pico";24;1.998;2.198;11
12;"Pico";24;0.19;0.39;11
12;"Pico";24;1.423;1.623;11
12;"Pico";24;1.117;1.317;11
12;"Pico";24;1.89;2.09;11
12;"Pico";24;0.89;1.09;11
12;"Pico";24;0.919;1.119;11
12;"Pico";24;0.962;1.162;11
12;"Pico";24;0.82;1.02;11
12;"Pico";24;0.581;0.781;11
12;"Pico";24;0.5;0.7;11
12;"Pico";24;1.965;2.165;11
12;"Pico";24;0.456;0.656;11
12;"Pico";24;1.028;1.228;11
12;"Pico";24;1.086;1.286;11
12;"Pico";24;1.248;1.448;11
12;"Pico";24;1.272;1.472;11
12;"Pico";24;0.835;1.035;11
12;"Pico";24;0.637;0.837;11
12;"Pico";24;0.728;0.928;11
12;"Pico";24;0.845;1.045;11
12;"Pico";24;0.162;0.362;11
12;"Pico";24;1.605;1.805;11
12;"Pico";24;0.573;0.773;11
12;"Pico";24;0.319;0.519;11
13;"Pico";24;1.998;2.198;11
13;"Pico";24;0.19;0.39;11
13;"Pico";24;1.423;1.623;11
13;"Pico";24;1.117;1.317;11
13;"Pico";24;1.89;2.09;11
13;"Pico";24;0.89;1.09;11
13;"Pico";24;0.919;1.119;11
13;"Pico";24;0.962;1.162;11
13;"Pico";24;0.82;1.02;11
13;"Pico";24;0.581;0.781;11
13;"Pico";24;0.5;0.7;11
13;"Pico";24;1.965;2.165;11
13;"Pico";24;0.456;0.656;11
13;"Pico";24;1.028;1.228;11
13;"Pico";24;1.086;1.286;11
13;"Pico";24;1.248;1.448;11
13;"Pico";24;1.272;1.472;11
13;"Pico";24;0.835;1.035;11
13;"Pico";24;0.637;0.837;11
13;"Pico";24;0.728;0.928;11
13;"Pico";24;0.845;1.045;11
13;"Pico";24;0.162;0.362;11
13;"Pico";24;1.605;1.805;11
13;"Pico";24;0.573;0.773;11
13;"Pico";24;0.319;0.519;11
14;"Pico";24;1.998;2.198;11
14;"Pico";24;0.19;0.39;11
14;"Pico";24;1.423;1.623;11
14;"Pico";24;1.117;1.317;11
14;"Pico";24;1.89;2.09;11
14;"Pico";24;0.89;1.09;11
14;"Pico";24;0.919;1.119;11
14;"Pico";24;0.962;1.162;11
14;"Pico";24;0.82;1.02;11
14;"Pico";24;0.581;0.781;11
14;"Pico";24;0.5;0.7;11
14;"Pico";24;1.965;2.165;11
14;"Pico";24;0.456;0.656;11
14;"Pico";24;1.028;1.228;11
14;"Pico";24;1.086;1.286;11
14;"Pico";24;1.248;1.448;11
14;"Pico";24;1.272;1.472;11
14;"Pico";24;0.835;1.035;11
14;"Pico";24;0.637;0.837;11
14;"Pico";24;0.728;0.928;11
14;"Pico";24;0.845;1.045;11
14;"Pico";24;0.162;0.362;11
14;"Pico";24;1.605;1.805;11
14;"Pico";24;0.573;0.773;11
14;"Pico";24;0.319;0.519;11
15;"Pico";24;1.998;2.198;11
15;"Pico";24;0.19;0.39;11
15;"Pico";24;1.423;1.623;11
15;"Pico";24;1.117;1.317;11
15;"Pico";24;1.89;2.09;11
15;"Pico";24;0.89;1.09;11
15;"Pico";24;0.919;1.119;11
15;"Pico";24;0.962;1.162;11
15;"Pico";24;0.82;1.02;11
15;"Pico";24;0.581;0.781;11
15;"Pico";24;0.5;0.7;11
15;"Pico";24;1.965;2.165;11
15;"Pico";24;0.456;0.656;11
15;"Pico";24;1.028;1.228;11
15;"Pico";24;1.086;1.286;11
15;"Pico";24;1.248;1.448;11
15;"Pico";24;1.272;1.472;11
15;"Pico";24;0.835;1.035;11
15;"Pico";24;0.637;0.837;11
15;"Pico";24;0.728;0.928;11
15;"Pico";24;0.845;1.045;11
15;"Pico";24;0.162;0.362;11
15;"Pico";24;1.605;1.805;11
15;"Pico";24;0.573;0.773;11
15;"Pico";24;0.319;0.519;11
16;"Pico";24;1.998;2.198;11
16;"Pico";24;0.19;0.39;11
16;"Pico";24;1.423;1.623;11
16;"Pico";24;1.117;1.317;11
16;"Pico";24;1.89;2.09;11
16;"Pico";24;0.89;1.09;11
16;"Pico";24;0.919;1.119;11
16;"Pico";24;0.962;1.162;11
16;"Pico";24;0.82;1.02;11
16;"Pico";24;0.581;0.781;11
16;"Pico";24;0.5;0.7;11
16;"Pico";24;1.965;2.165;11
16;"Pico";24;0.456;0.656;11
16;"Pico";24;1.028;1.228;11
16;"Pico";24;1.086;1.286;11
16;"Pico";24;1.248;1.448;11
16;"Pico";24;1.272;1.472;11
16;"Pico";24;0.835;1.035;11
16;"Pico";24;0.637;0.837;11
16;"Pico";24;0.728;0.928;11
16;"Pico";24;0.845;1.045;11
16;"Pico";24;0.162;0.362;11
16;"Pico";24;1.605;1.805;11
16;"Pico";24;0.573;0.773;11
16;"Pico";24;0.319;0.519;11
17;"Pico";24;1.998;2.198;11
17;"Pico";24;0.19;0.39;11
17;"Pico";24;1.423;1.623;11
17;"Pico";24;1.117;1.317;11
17;"Pico";24;1.89;2.09;11
17;"Pico";24;0.89;1.09;11
17;"Pico";24;0.919;1.119;11
17;"Pico";24;0.962;1.162;11
17;"Pico";24;0.82;1.02;11
17;"Pico";24;0.581;0.781;11
17;"Pico";24;0.5;0.7;11
17;"Pico";24;1.965;2.165;11
17;"Pico";24;0.456;0.656;11
17;"Pico";24;1.028;1.228;11
17;"Pico";24;1.086;1.286;11
17;"Pico";24;1.248;1.448;11
17;"Pico";24;1.272;1.472;11
17;"Pico";24;0.835;1.035;11
17;"Pico";24;0.637;0.837;11
17;"Pico";24;0.728;0.928;11
17;"Pico";24;0.845;1.045;11
17;"Pico";24;0.162;0.362;11
17;"Pico";24;1.605;1.805;11
17;"Pico";24;0.573;0.773;11
17;"Pico";24;0.319;0.519;11
18;"Pico";24;1.998;2.198;11
18;"Pico";24;0.19;0.39;11
18;"Pico";24;1.423;1.623;11
18;"Pico";24;1.117;1.317;11
18;"Pico";24;1.89;2.09;11
18;"Pico";24;0.89;1.09;11
18;"Pico";24;0.919;1.119;11
18;"Pico";24;0.962;1.162;11
18;"Pico";24;0.82;1.02;11
18;"Pico";24;0.581;0.781;11
18;"Pico";24;0.5;0.7;11
18;"Pico";24;1.965;2.165;11
18;"Pico";24;0.456;0.656;11
18;"Pico";24;1.028;1.228;11
18;"Pico";24;1.086;1.286;11
18;"Pico";24;1.248;1.448;11
18;"Pico";24;1.272;1.472;11
18;"Pico";24;0.835;1.035;11
18;"Pico";24;0.637;0.837;11
18;"Pico";24;0.728;0.928;11
18;"Pico";24;0.845;1.045;11
18;"Pico";24;0.162;0.362;11
18;"Pico";24;1.605;1.805;11
18;"Pico";24;0.573;0.773;11
18;"Pico";24;0.319;0.519;11
19;"Pico";24;1.998;2.198;11
19;"Pico";24;0.19;0.39;11
19;"Pico";24;1.423;1.623;11
19;"Pico";24;1.117;1.317;11
19;"Pico";24;1.89;2.09;11
19;"Pico";24;0.89;1.09;11
19;"Pico";24;0.919;1.119;11
19;"Pico";24;0.962;1.162;11
19;"Pico";24;0.82;1.02;11
19;"Pico";24;0.581;0.781;11
19;"Pico";24;0.5;0.7;11
19;"Pico";24;1.965;2.165;11
19;"Pico";24;0.456;0.656;11
19;"Pico";24;1.028;1.228;11
19;"Pico";24;1.086;1.286;11
19;"Pico";24;1.248;1.448;11
19;"Pico";24;1.272;1.472;11
19;"Pico";24;0.835;1.035;11
19;"Pico";24;0.637;0.837;11
19;"Pico";24;0.728;0.928;11
19;"Pico";24;0.845;1.045;11
19;"Pico";24;0.162;0.362;11
19;"Pico";24;1.605;1.805;11
19;"Pico";24;0.573;0.773;11
19;"Pico";24;0.319;0.519;11
20;"Pico";24;1.998;2.198;11
20;"Pico";24;0.19;0.39;11
20;"Pico";24;1.423;1.623;11
20;"Pico";24;1.117;1.317;11
20;"Pico";24;1.89;2.09;11
20;"Pico";24;0.89;1.09;11
20;"Pico";24;0.919;1.119;11
20;"Pico";24;0.962;1.162;11
20;"Pico";24;0.82;1.02;11
20;"Pico";24;0.581;0.781;11
20;"Pico";24;0.5;0.7;11
20;"Pico";24;1.965;2.165;11
20;"Pico";24;0.456;0.656;11
20;"Pico";24;1.028;1.228;11
20;"Pico";24;1.086;1.286;11
20;"Pico";24;1.248;1.448;11
20;"Pico";24;1.272;1.472;11
20;"Pico";24;0.835;1.035;11
20;"Pico";24;0.637;0.837;11
20;"Pico";24;0.728;0.928;11
20;"Pico";24;0.845;1.045;11
20;"Pico";24;0.162;0.362;11
20;"Pico";24;1.605;1.805;11
20;"Pico";24;0.573;0.773;11
20;"Pico";24;0.319;0.519;11
21;"Pico";24;1.998;2.198;11
21;"Pico";24;0.19;0.39;11
21;"Pico";24;1.423;1.623;11
21;"Pico";24;1.117;1.317;11
21;"Pico";24;1.89;2.09;11
21;"Pico";24;0.89;1.09;11
21;"Pico";24;0.919;1.119;11
21;"Pico";24;0.962;1.162;11
21;"Pico";24;0.82;1.02;11
21;"Pico";24;0.581;0.781;11
21;"Pico";24;0.5;0.7;11
21;"Pico";24;1.965;2.165;11
21;"Pico";24;0.456;0.656;11
21;"Pico";24;1.028;1.228;11
21;"Pico";24;1.086;1.286;11
21;"Pico";24;1.248;1.448;11
21;"Pico";24;1.272;1.472;11
21;"Pico";24;0.835;1.035;11
21;"Pico";24;0.637;0.837;11
21;"Pico";24;0.728;0.928;11
21;"Pico";24;0.845;1.045;11
21;"Pico";24;0.162;0.362;11
21;"Pico";24;1.605;1.805;11
21;"Pico";24;0.573;0.773;11
21;"Pico";24;0.319;0.519;11
22;"Pico";24;1.998;2.198;11
22;"Pico";24;0.19;0.39;11
22;"Pico";24;1.423;1.623;11
22;"Pico";24;1.117;1.317;11
22;"Pico";24;1.89;2.09;11
22;"Pico";24;0.89;1.09;11
22;"Pico";24;0.919;1.119;11
22;"Pico";24;0.962;1.162;11
22;"Pico";24;0.82;1.02;11
22;"Pico";24;0.581;0.781;11
22;"Pico";24;0.5;0.7;11
22;"Pico";24;1.965;2.165;11
22;"Pico";24;0.456;0.656;11
22;"Pico";24;1.028;1.228;11
22;"Pico";24;1.086;1.286;11
22;"Pico";24;1.248;1.448;11
22;"Pico";24;1.272;1.472;11
22;"Pico";24;0.835;1.035;11
22;"Pico";24;0.637;0.837;11
22;"Pico";24;0.728;0.928;11
22;"Pico";24;0.845;1.045;11
22;"Pico";24;0.162;0.362;11
22;"Pico";24;1.605;1.805;11
22;"Pico";24;0.573;0.773;11
22;"Pico";24;0.319;0.519;11
23;"Pico";24;1.998;2.198;11
23;"Pico";24;0.19;0.39;11
23;"Pico";24;1.423;1.623;11
23;"Pico";24;1.117;1.317;11
23;"Pico";24;1.89;2.09;11
23;"Pico";24;0.89;1.09;11
23;"Pico";24;0.919;1.119;11
23;"Pico";24;0.962;1.162;11
23;"Pico";24;0.82;1.02;11
23;"Pico";24;0.581;0.781;11
23;"Pico";24;0.5;0.7;11
23;"Pico";24;1.965;2.165;11
23;"Pico";24;0.456;0.656;11
23;"Pico";24;1.028;1.228;11
23;"Pico";24;1.086;1.286;11
23;"Pico";24;1.248;1.448;11
23;"Pico";24;1.272;1.472;11
23;"Pico";24;0.835;1.035;11
23;"Pico";24;0.637;0.837;11
23;"Pico";24;0.728;0.928;11
23;"Pico";24;0.845;1.045;11
23;"Pico";24;0.162;0.362;11
23;"Pico";24;1.605;1.805;11
23;"Pico";24;0.573;0.773;11
23;"Pico";24;0.319;0.519;11
24;"Pico";24;1.998;2.198;11
24;"Pico";24;0.19;0.39;11
24;"Pico";24;1.423;1.623;11
24;"Pico";24;1.117;1.317;11
24;"Pico";24;1.89;2.09;11
24;"Pico";24;0.89;1.09;11
24;"Pico";24;0.919;1.119;11
24;"Pico";24;0.962;1.162;11
24;"Pico";24;0.82;1.02;11
24;"Pico";24;0.581;0.781;11
24;"Pico";24;0.5;0.7;11
24;"Pico";24;1.965;2.165;11
24;"Pico";24;0.456;0.656;11
24;"Pico";24;1.028;1.228;11
24;"Pico";24;1.086;1.286;11
24;"Pico";24;1.248;1.448;11
24;"Pico";24;1.272;1.472;11
24;"Pico";24;0.835;1.035;11
24;"Pico";24;0.637;0.837;11
24;"Pico";24;0.728;0.928;11
24;"Pico";24;0.845;1.045;11
24;"Pico";24;0.162;0.362;11
24;"Pico";24;1.605;1.805;11
24;"Pico";24;0.573;0.773;11
24;"Pico";24;0.319;0.519;11
25;"Pico";24;1.998;2.198;11
25;"Pico";24;0.19;0.39;11
25;"Pico";24;1.423;1.623;11
25;"Pico";24;1.117;1.317;11
25;"Pico";24;1.89;2.09;11
25;"Pico";24;0.89;1.09;11
25;"Pico";24;0.919;1.119;11
25;"Pico";24;0.962;1.162;11
25;"Pico";24;0.82;1.02;11
25;"Pico";24;0.581;0.781;11
25;"Pico";24;0.5;0.7;11
25;"Pico";24;1.965;2.165;11
25;"Pico";24;0.456;0.656;11
25;"Pico";24;1.028;1.228;11
25;"Pico";24;1.086;1.286;11
25;"Pico";24;1.248;1.448;11
25;"Pico";24;1.272;1.472;11
25;"Pico";24;0.835;1.035;11
25;"Pico";24;0.637;0.837;11
25;"Pico";24;0.728;0.928;11
25;"Pico";24;0.845;1.045;11
25;"Pico";24;0.162;0.362;11
25;"Pico";24;1.605;1.805;11
25;"Pico";24;0.573;0.773;11
25;"Pico";24;0.319;0.519;11
26;"Pico";24;1.998;2.198;11
26;"Pico";24;0.19;0.39;11
26;"Pico";24;1.423;1.623;11
26;"Pico";24;1.117;1.317;11
26;"Pico";24;1.89;2.09;11
26;"Pico";24;0.89;1.09;11
26;"Pico";24;0.919;1.119;11
26;"Pico";24;0.962;1.162;11
26;"Pico";24;0.82;1.02;11
26;"Pico";24;0.581;0.781;11
26;"Pico";24;0.5;0.7;11
26;"Pico";24;1.965;2.165;11
26;"Pico";24;0.456;0.656;11
26;"Pico";24;1.028;1.228;11
26;"Pico";24;1.086;1.286;11
26;"Pico";24;1.248;1.448;11
26;"Pico";24;1.272;1.472;11
26;"Pico";24;0.835;1.035;11
26;"Pico";24;0.637;0.837;11
26;"Pico";24;0.728;0.928;11
26;"Pico";24;0.845;1.045;11
26;"Pico";24;0.162;0.362;11
26;"Pico";24;1.605;1.805;11
26;"Pico";24;0.573;0.773;11
26;"Pico";24;0.319;0.519;11
27;"Pico";24;1.998;2.198;11
27;"Pico";24;0.19;0.39;11
27;"Pico";24;1.423;1.623;11
27;"Pico";24;1.117;1.317;11
27;"Pico";24;1.89;2.09;11
27;"Pico";24;0.89;1.09;11
27;"Pico";24;0.919;1.119;11
27;"Pico";24;0.962;1.162;11
27;"Pico";24;0.82;1.02;11
27;"Pico";24;0.581;0.781;11
27;"Pico";24;0.5;0.7;11
27;"Pico";24;1.965;2.165;11
27;"Pico";24;0.456;0.656;11
27;"Pico";24;1.028;1.228;11
27;"Pico";24;1.086;1.286;11
27;"Pico";24;1.248;1.448;11
27;"Pico";24;1.272;1.472;11
27;"Pico";24;0.835;1.035;11
27;"Pico";24;0.637;0.837;11
27;"Pico";24;0.728;0.928;11
27;"Pico";24;0.845;1.045;11
27;"Pico";24;0.162;0.362;11
27;"Pico";24;1.605;1.805;11
27;"Pico";24;0.573;0.773;11
27;"Pico";24;0.319;0.519;11
28;"Pico";24;1.998;2.198;11
28;"Pico";24;0.19;0.39;11
28;"Pico";24;1.423;1.623;11
28;"Pico";24;1.117;1.317;11
28;"Pico";24;1.89;2.09;11
28;"Pico";24;0.89;1.09;11
28;"Pico";24;0.919;1.119;11
28;"Pico";24;0.962;1.162;11
28;"Pico";24;0.82;1.02;11
28;"Pico";24;0.581;0.781;11
28;"Pico";24;0.5;0.7;11
28;"Pico";24;1.965;2.165;11
28;"Pico";24;0.456;0.656;11
28;"Pico";24;1.028;1.228;11
28;"Pico";24;1.086;1.286;11
28;"Pico";24;1.248;1.448;11
28;"Pico";24;1.272;1.472;11
28;"Pico";24;0.835;1.035;11
28;"Pico";24;0.637;0.837;11
28;"Pico";24;0.728;0.928;11
28;"Pico";24;0.845;1.045;11
28;"Pico";24;0.162;0.362;11
28;"Pico";24;1.605;1.805;11
28;"Pico";24;0.573;0.773;11
28;"Pico";24;0.319;0.519;11
29;"Pico";24;1.998;2.198;11
29;"Pico";24;0.19;0.39;11
29;"Pico";24;1.423;1.623;11
29;"Pico";24;1.117;1.317;11
29;"Pico";24;1.89;2.09;11
29;"Pico";24;0.89;1.09;11
29;"Pico";24;0.919;1.119;11
29;"Pico";24;0.962;1.162;11
29;"Pico";24;0.82;1.02;11
29;"Pico";24;0.581;0.781;11
29;"Pico";24;0.5;0.7;11
29;"Pico";24;1.965;2.165;11
29;"Pico";24;0.456;0.656;11
29;"Pico";24;1.028;1.228;11
29;"Pico";24;1.086;1.286;11
29;"Pico";24;1.248;1.448;11
29;"Pico";24;1.272;1.472;11
29;"Pico";24;0.835;1.035;11
29;"Pico";24;0.637;0.837;11
29;"Pico";24;0.728;0.928;11
29;"Pico";24;0.845;1.045;11
29;"Pico";24;0.162;0.362;11
29;"Pico";24;1.605;1.805;11
29;"Pico";24;0.573;0.773;11
29;"Pico";24;0.319;0.519;11
30;"Pico";24;1.998;2.198;11
30;"Pico";24;0.19;0.39;11
30;"Pico";24;1.423;1.623;11
30;"Pico";24;1.117;1.317;11
30;"Pico";24;1.89;2.09;11
30;"Pico";24;0.89;1.09;11
30;"Pico";24;0.919;1.119;11
30;"Pico";24;0.962;1.162;11
30;"Pico";24;0.82;1.02;11
30;"Pico";24;0.581;0.781;11
30;"Pico";24;0.5;0.7;11
30;"Pico";24;1.965;2.165;11
30;"Pico";24;0.456;0.656;11
30;"Pico";24;1.028;1.228;11
30;"Pico";24;1.086;1.286;11
30;"Pico";24;1.248;1.448;11
30;"Pico";24;1.272;1.472;11
30;"Pico";24;0.835;1.035;11
30;"Pico";24;0.637;0.837;11
30;"Pico";24;0.728;0.928;11
30;"Pico";24;0.845;1.045;11
30;"Pico";24;0.162;0.362;11
30;"Pico";24;1.605;1.805;11
30;"Pico";24;0.573;0.773;11
30;"Pico";24;0.319;0.519;11
31;"Pico";24;1.998;2.198;11
31;"Pico";24;0.19;0.39;11
31;"Pico";24;1.423;1.623;11
31;"Pico";24;1.117;1.317;11
31;"Pico";24;1.89;2.09;11
31;"Pico";24;0.89;1.09;11
31;"Pico";24;0.919;1.119;11
31;"Pico";24;0.962;1.162;11
31;"Pico";24;0.82;1.02;11
31;"Pico";24;0.581;0.781;11
31;"Pico";24;0.5;0.7;11
31;"Pico";24;1.965;2.165;11
31;"Pico";24;0.456;0.656;11
31;"Pico";24;1.028;1.228;11
31;"Pico";24;1.086;1.286;11
31;"Pico";24;1.248;1.448;11
31;"Pico";24;1.272;1.472;11
31;"Pico";24;0.835;1.035;11
31;"Pico";24;0.637;0.837;11
31;"Pico";24;0.728;0.928;11
31;"Pico";24;0.845;1.045;11
31;"Pico";24;0.162;0.362;11
31;"Pico";24;1.605;1.805;11
31;"Pico";24;0.573;0.773;11
31;"Pico";24;0.319;0.519;11
32;"Pico";24;1.998;2.198;11
32;"Pico";24;0.19;0.39;11
32;"Pico";24;1.423;1.623;11
32;"Pico";24;1.117;1.317;11
32;"Pico";24;1.89;2.09;11
32;"Pico";24;0.89;1.09;11
32;"Pico";24;0.919;1.119;11
32;"Pico";24;0.962;1.162;11
32;"Pico";24;0.82;1.02;11
32;"Pico";24;0.581;0.781;11
32;"Pico";24;0.5;0.7;11
32;"Pico";24;1.965;2.165;11
32;"Pico";24;0.456;0.656;11
32;"Pico";24;1.028;1.228;11
32;"Pico";24;1.086;1.286;11
32;"Pico";24;1.248;1.448;11
32;"Pico";24;1.272;1.472;11
32;"Pico";24;0.835;1.035;11
32;"Pico";24;0.637;0.837;11
32;"Pico";24;0.728;0.928;11
32;"Pico";24;0.845;1.045;11
32;"Pico";24;0.162;0.362;11
32;"Pico";24;1.605;1.805;11
32;"Pico";24;0.573;0.773;11
32;"Pico";24;0.319;0.519;11
33;"Pico";24;1.998;2.198;11
33;"Pico";24;0.19;0.39;11
33;"Pico";24;1.423;1.623;11
33;"Pico";24;1.117;1.317;11
33;"Pico";24;1.89;2.09;11
33;"Pico";24;0.89;1.09;11
33;"Pico";24;0.919;1.119;11
33;"Pico";24;0.962;1.162;11
33;"Pico";24;0.82;1.02;11
33;"Pico";24;0.581;0.781;11
33;"Pico";24;0.5;0.7;11
33;"Pico";24;1.965;2.165;11
33;"Pico";24;0.456;0.656;11
33;"Pico";24;1.028;1.228;11
33;"Pico";24;1.086;1.286;11
33;"Pico";24;1.248;1.448;11
33;"Pico";24;1.272;1.472;11
33;"Pico";24;0.835;1.035;11
33;"Pico";24;0.637;0.837;11
33;"Pico";24;0.728;0.928;11
33;"Pico";24;0.845;1.045;11
33;"Pico";24;0.162;0.362;11
33;"Pico";24;1.605;1.805;11
33;"Pico";24;0.573;0.773;11
33;"Pico";24;0.319;0.519;11
34;"Pico";24;1.998;2.198;11
34;"Pico";24;0.19;0.39;11
34;"Pico";24;1.423;1.623;11
34;"Pico";24;1.117;1.317;11
34;"Pico";24;1.89;2.09;11
34;"Pico";24;0.89;1.09;11
34;"Pico";24;0.919;1.119;11
34;"Pico";24;0.962;1.162;11
34;"Pico";24;0.82;1.02;11
34;"Pico";24;0.581;0.781;11
34;"Pico";24;0.5;0.7;11
34;"Pico";24;1.965;2.165;11
34;"Pico";24;0.456;0.656;11
34;"Pico";24;1.028;1.228;11
34;"Pico";24;1.086;1.286;11
34;"Pico";24;1.248;1.448;11
34;"Pico";24;1.272;1.472;11
34;"Pico";24;0.835;1.035;11
34;"Pico";24;0.637;0.837;11
34;"Pico";24;0.728;0.928;11
34;"Pico";24;0.845;1.045;11
34;"Pico";24;0.162;0.362;11
34;"Pico";24;1.605;1.805;11
34;"Pico";24;0.573;0.773;11
34;"Pico";24;0.319;0.519;11
35;"Pico";24;1.998;2.198;11
35;"Pico";24;0.19;0.39;11
35;"Pico";24;1.423;1.623;11
35;"Pico";24;1.117;1.317;11
35;"Pico";24;1.89;2.09;11
35;"Pico";24;0.89;1.09;11
35;"Pico";24;0.919;1.119;11
35;"Pico";24;0.962;1.162;11
35;"Pico";24;0.82;1.02;11
35;"Pico";24;0.581;0.781;11
35;"Pico";24;0.5;0.7;11
35;"Pico";24;1.965;2.165;11
35;"Pico";24;0.456;0.656;11
35;"Pico";24;1.028;1.228;11
35;"Pico";24;1.086;1.286;11
35;"Pico";24;1.248;1.448;11
35;"Pico";24;1.272;1.472;11
35;"Pico";24;0.835;1.035;11
35;"Pico";24;0.637;0.837;11
35;"Pico";24;0.728;0.928;11
35;"Pico";24;0.845;1.045;11
35;"Pico";24;0.162;0.362;11
35;"Pico";24;1.605;1.805;11
35;"Pico";24;0.573;0.773;11
35;"Pico";24;0.319;0.519;11
36;"Pico";24;1.998;2.198;11
36;"Pico";24;0.19;0.39;11
36;"Pico";24;1.423;1.623;11
36;"Pico";24;1.117;1.317;11
36;"Pico";24;1.89;2.09;11
36;"Pico";24;0.89;1.09;11
36;"Pico";24;0.919;1.119;11
36;"Pico";24;0.962;1.162;11
36;"Pico";24;0.82;1.02;11
36;"Pico";24;0.581;0.781;11
36;"Pico";24;0.5;0.7;11
36;"Pico";24;1.965;2.165;11
36;"Pico";24;0.456;0.656;11
36;"Pico";24;1.028;1.228;11
36;"Pico";24;1.086;1.286;11
36;"Pico";24;1.248;1.448;11
36;"Pico";24;1.272;1.472;11
36;"Pico";24;0.835;1.035;11
36;"Pico";24;0.637;0.837;11
36;"Pico";24;0.728;0.928;11
36;"Pico";24;0.845;1.045;11
36;"Pico";24;0.162;0.362;11
36;"Pico";24;1.605;1.805;11
36;"Pico";24;0.573;0.773;11
36;"Pico";24;0.319;0.519;11
37;"Pico";24;1.998;2.198;11
37;"Pico";24;0.19;0.39;11
37;"Pico";24;1.423;1.623;11
37;"Pico";24;1.117;1.317;11
37;"Pico";24;1.89;2.09;11
37;"Pico";24;0.89;1.09;11
37;"Pico";24;0.919;1.119;11
37;"Pico";24;0.962;1.162;11
37;"Pico";24;0.82;1.02;11
37;"Pico";24;0.581;0.781;11
37;"Pico";24;0.5;0.7;11
37;"Pico";24;1.965;2.165;11
37;"Pico";24;0.456;0.656;11
37;"Pico";24;1.028;1.228;11
37;"Pico";24;1.086;1.286;11
37;"Pico";24;1.248;1.448;11
37;"Pico";24;1.272;1.472;11
37;"Pico";24;0.835;1.035;11
37;"Pico";24;0.637;0.837;11
37;"Pico";24;0.728;0.928;11
37;"Pico";24;0.845;1.045;11
37;"Pico";24;0.162;0.362;11
37;"Pico";24;1.605;1.805;11
37;"Pico";24;0.573;0.773;11
37;"Pico";24;0.319;0.519;11
38;"Pico";24;1.998;2.198;11
38;"Pico";24;0.19;0.39;11
38;"Pico";24;1.423;1.623;11
38;"Pico";24;1.117;1.317;11
38;"Pico";24;1.89;2.09;11
38;"Pico";24;0.89;1.09;11
38;"Pico";24;0.919;1.119;11
38;"Pico";24;0.962;1.162;11
38;"Pico";24;0.82;1.02;11
38;"Pico";24;0.581;0.781;11
38;"Pico";24;0.5;0.7;11
38;"Pico";24;1.965;2.165;11
38;"Pico";24;0.456;0.656;11
38;"Pico";24;1.028;1.228;11
38;"Pico";24;1.086;1.286;11
38;"Pico";24;1.248;1.448;11
38;"Pico";24;1.272;1.472;11
38;"Pico";24;0.835;1.035;11
38;"Pico";24;0.637;0.837;11
38;"Pico";24;0.728;0.928;11
38;"Pico";24;0.845;1.045;11
38;"Pico";24;0.162;0.362;11
38;"Pico";24;1.605;1.805;11
38;"Pico";24;0.573;0.773;11
38;"Pico";24;0.319;0.519;11
39;"Pico";24;1.998;2.198;11
39;"Pico";24;0.19;0.39;11
39;"Pico";24;1.423;1.623;11
39;"Pico";24;1.117;1.317;11
39;"Pico";24;1.89;2.09;11
39;"Pico";24;0.89;1.09;11
39;"Pico";24;0.919;1.119;11
39;"Pico";24;0.962;1.162;11
39;"Pico";24;0.82;1.02;11
39;"Pico";24;0.581;0.781;11
39;"Pico";24;0.5;0.7;11
39;"Pico";24;1.965;2.165;11
39;"Pico";24;0.456;0.656;11
39;"Pico";24;1.028;1.228;11
39;"Pico";24;1.086;1.286;11
39;"Pico";24;1.248;1.448;11
39;"Pico";24;1.272;1.472;11
39;"Pico";24;0.835;1.035;11
39;"Pico";24;0.637;0.837;11
39;"Pico";24;0.728;0.928;11
39;"Pico";24;0.845;1.045;11
39;"Pico";24;0.162;0.362;11
39;"Pico";24;1.605;1.805;11
39;"Pico";24;0.573;0.773;11
39;"Pico";24;0.319;0.519;11
40;"Pico";24;1.998;2.198;11
40;"Pico";24;0.19;0.39;11
40;"Pico";24;1.423;1.623;11
40;"Pico";24;1.117;1.317;11
40;"Pico";24;1.89;2.09;11
40;"Pico";24;0.89;1.09;11
40;"Pico";24;0.919;1.119;11
40;"Pico";24;0.962;1.162;11
40;"Pico";24;0.82;1.02;11
40;"Pico";24;0.581;0.781;11
40;"Pico";24;0.5;0.7;11
40;"Pico";24;1.965;2.165;11
40;"Pico";24;0.456;0.656;11
40;"Pico";24;1.028;1.228;11
40;"Pico";24;1.086;1.286;11
40;"Pico";24;1.248;1.448;11
40;"Pico";24;1.272;1.472;11
40;"Pico";24;0.835;1.035;11
40;"Pico";24;0.637;0.837;11
40;"Pico";24;0.728;0.928;11
40;"Pico";24;0.845;1.045;11
40;"Pico";24;0.162;0.362;11
40;"Pico";24;1.605;1.805;11
40;"Pico";24;0.573;0.773;11
40;"Pico";24;0.319;0.519;11
41;"Pico";24;1.998;2.198;11
41;"Pico";24;0.19;0.39;11
41;"Pico";24;1.423;1.623;11
41;"Pico";24;1.117;1.317;11
41;"Pico";24;1.89;2.09;11
41;"Pico";24;0.89;1.09;11
41;"Pico";24;0.919;1.119;11
41;"Pico";24;0.962;1.162;11
41;"Pico";24;0.82;1.02;11
41;"Pico";24;0.581;0.781;11
41;"Pico";24;0.5;0.7;11
41;"Pico";24;1.965;2.165;11
41;"Pico";24;0.456;0.656;11
41;"Pico";24;1.028;1.228;11
41;"Pico";24;1.086;1.286;11
41;"Pico";24;1.248;1.448;11
41;"Pico";24;1.272;1.472;11
41;"Pico";24;0.835;1.035;11
41;"Pico";24;0.637;0.837;11
41;"Pico";24;0.728;0.928;11
41;"Pico";24;0.845;1.045;11
41;"Pico";24;0.162;0.362;11
41;"Pico";24;1.605;1.805;11
41;"Pico";24;0.573;0.773;11
41;"Pico";24;0.319;0.519;11
42;"Pico";24;1.998;2.198;11
42;"Pico";24;0.19;0.39;11
42;"Pico";24;1.423;1.623;11
42;"Pico";24;1.117;1.317;11
42;"Pico";24;1.89;2.09;11
42;"Pico";24;0.89;1.09;11
42;"Pico";24;0.919;1.119;11
42;"Pico";24;0.962;1.162;11
42;"Pico";24;0.82;1.02;11
42;"Pico";24;0.581;0.781;11
42;"Pico";24;0.5;0.7;11
42;"Pico";24;1.965;2.165;11
42;"Pico";24;0.456;0.656;11
42;"Pico";24;1.028;1.228;11
42;"Pico";24;1.086;1.286;11
42;"Pico";24;1.248;1.448;11
42;"Pico";24;1.272;1.472;11
42;"Pico";24;0.835;1.035;11
42;"Pico";24;0.637;0.837;11
42;"Pico";24;0.728;0.928;11
42;"Pico";24;0.845;1.045;11
42;"Pico";24;0.162;0.362;11
42;"Pico";24;1.605;1.805;11
42;"Pico";24;0.573;0.773;11
42;"Pico";24;0.319;0.519;11
43;"Pico";24;1.998;2.198;11
43;"Pico";24;0.19;0.39;11
43;"Pico";24;1.423;1.623;11
43;"Pico";24;1.117;1.317;11
43;"Pico";24;1.89;2.09;11
43;"Pico";24;0.89;1.09;11
43;"Pico";24;0.919;1.119;11
43;"Pico";24;0.962;1.162;11
43;"Pico";24;0.82;1.02;11
43;"Pico";24;0.581;0.781;11
43;"Pico";24;0.5;0.7;11
43;"Pico";24;1.965;2.165;11
43;"Pico";24;0.456;0.656;11
43;"Pico";24;1.028;1.228;11
43;"Pico";24;1.086;1.286;11
43;"Pico";24;1.248;1.448;11
43;"Pico";24;1.272;1.472;11
43;"Pico";24;0.835;1.035;11
43;"Pico";24;0.637;0.837;11
43;"Pico";24;0.728;0.928;11
43;"Pico";24;0.845;1.045;11
43;"Pico";24;0.162;0.362;11
43;"Pico";24;1.605;1.805;11
43;"Pico";24;0.573;0.773;11
43;"Pico";24;0.319;0.519;11
44;"Pico";24;1.998;2.198;11
44;"Pico";24;0.19;0.39;11
44;"Pico";24;1.423;1.623;11
44;"Pico";24;1.117;1.317;11
44;"Pico";24;1.89;2.09;11
44;"Pico";24;0.89;1.09;11
44;"Pico";24;0.919;1.119;11
44;"Pico";24;0.962;1.162;11
44;"Pico";24;0.82;1.02;11
44;"Pico";24;0.581;0.781;11
44;"Pico";24;0.5;0.7;11
44;"Pico";24;1.965;2.165;11
44;"Pico";24;0.456;0.656;11
44;"Pico";24;1.028;1.228;11
44;"Pico";24;1.086;1.286;11
44;"Pico";24;1.248;1.448;11
44;"Pico";24;1.272;1.472;11
44;"Pico";24;0.835;1.035;11
44;"Pico";24;0.637;0.837;11
44;"Pico";24;0.728;0.928;11
44;"Pico";24;0.845;1.045;11
44;"Pico";24;0.162;0.362;11
44;"Pico";24;1.605;1.805;11
44;"Pico";24;0.573;0.773;11
44;"Pico";24;0.319;0.519;11
45;"Pico";24;1.998;2.198;11
45;"Pico";24;0.19;0.39;11
45;"Pico";24;1.423;1.623;11
45;"Pico";24;1.117;1.317;11
45;"Pico";24;1.89;2.09;11
45;"Pico";24;0.89;1.09;11
45;"Pico";24;0.919;1.119;11
45;"Pico";24;0.962;1.162;11
45;"Pico";24;0.82;1.02;11
45;"Pico";24;0.581;0.781;11
45;"Pico";24;0.5;0.7;11
45;"Pico";24;1.965;2.165;11
45;"Pico";24;0.456;0.656;11
45;"Pico";24;1.028;1.228;11
45;"Pico";24;1.086;1.286;11
45;"Pico";24;1.248;1.448;11
45;"Pico";24;1.272;1.472;11
45;"Pico";24;0.835;1.035;11
45;"Pico";24;0.637;0.837;11
45;"Pico";24;0.728;0.928;11
45;"Pico";24;0.845;1.045;11
45;"Pico";24;0.162;0.362;11
45;"Pico";24;1.605;1.805;11
45;"Pico";24;0.573;0.773;11
45;"Pico";24;0.319;0.519;11
46;"Pico";24;1.998;2.198;11
46;"Pico";24;0.19;0.39;11
46;"Pico";24;1.423;1.623;11
46;"Pico";24;1.117;1.317;11
46;"Pico";24;1.89;2.09;11
46;"Pico";24;0.89;1.09;11
46;"Pico";24;0.919;1.119;11
46;"Pico";24;0.962;1.162;11
46;"Pico";24;0.82;1.02;11
46;"Pico";24;0.581;0.781;11
46;"Pico";24;0.5;0.7;11
46;"Pico";24;1.965;2.165;11
46;"Pico";24;0.456;0.656;11
46;"Pico";24;1.028;1.228;11
46;"Pico";24;1.086;1.286;11
46;"Pico";24;1.248;1.448;11
46;"Pico";24;1.272;1.472;11
46;"Pico";24;0.835;1.035;11
46;"Pico";24;0.637;0.837;11
46;"Pico";24;0.728;0.928;11
46;"Pico";24;0.845;1.045;11
46;"Pico";24;0.162;0.362;11
46;"Pico";24;1.605;1.805;11
46;"Pico";24;0.573;0.773;11
46;"Pico";24;0.319;0.519;11
47;"Pico";24;1.998;2.198;11
47;"Pico";24;0.19;0.39;11
47;"Pico";24;1.423;1.623;11
47;"Pico";24;1.117;1.317;11
47;"Pico";24;1.89;2.09;11
47;"Pico";24;0.89;1.09;11
47;"Pico";24;0.919;1.119;11
47;"Pico";24;0.962;1.162;11
47;"Pico";24;0.82;1.02;11
47;"Pico";24;0.581;0.781;11
47;"Pico";24;0.5;0.7;11
47;"Pico";24;1.965;2.165;11
47;"Pico";24;0.456;0.656;11
47;"Pico";24;1.028;1.228;11
47;"Pico";24;1.086;1.286;11
47;"Pico";24;1.248;1.448;11
47;"Pico";24;1.272;1.472;11
47;"Pico";24;0.835;1.035;11
47;"Pico";24;0.637;0.837;11
47;"Pico";24;0.728;0.928;11
47;"Pico";24;0.845;1.045;11
47;"Pico";24;0.162;0.362;11
47;"Pico";24;1.605;1.805;11
47;"Pico";24;0.573;0.773;11
47;"Pico";24;0.319;0.519;11
48;"Pico";24;1.998;2.198;11
48;"Pico";24;0.19;0.39;11
48;"Pico";24;1.423;1.623;11
48;"Pico";24;1.117;1.317;11
48;"Pico";24;1.89;2.09;11
48;"Pico";24;0.89;1.09;11
48;"Pico";24;0.919;1.119;11
48;"Pico";24;0.962;1.162;11
48;"Pico";24;0.82;1.02;11
48;"Pico";24;0.581;0.781;11
48;"Pico";24;0.5;0.7;11
48;"Pico";24;1.965;2.165;11
48;"Pico";24;0.456;0.656;11
48;"Pico";24;1.028;1.228;11
48;"Pico";24;1.086;1.286;11
48;"Pico";24;1.248;1.448;11
48;"Pico";24;1.272;1.472;11
48;"Pico";24;0.835;1.035;11
48;"Pico";24;0.637;0.837;11
48;"Pico";24;0.728;0.928;11
48;"Pico";24;0.845;1.045;11
48;"Pico";24;0.162;0.362;11
48;"Pico";24;1.605;1.805;11
48;"Pico";24;0.573;0.773;11
48;"Pico";24;0.319;0.519;11
49;"Pico";24;1.998;2.198;11
49;"Pico";24;0.19;0.39;11
49;"Pico";24;1.423;1.623;11
49;"Pico";24;1.117;1.317;11
49;"Pico";24;1.89;2.09;11
49;"Pico";24;0.89;1.09;11
49;"Pico";24;0.919;1.119;11
49;"Pico";24;0.962;1.162;11
49;"Pico";24;0.82;1.02;11
49;"Pico";24;0.581;0.781;11
49;"Pico";24;0.5;0.7;11
49;"Pico";24;1.965;2.165;11
49;"Pico";24;0.456;0.656;11
49;"Pico";24;1.028;1.228;11
49;"Pico";24;1.086;1.286;11
49;"Pico";24;1.248;1.448;11
49;"Pico";24;1.272;1.472;11
49;"Pico";24;0.835;1.035;11
49;"Pico";24;0.637;0.837;11
49;"Pico";24;0.728;0.928;11
49;"Pico";24;0.845;1.045;11
49;"Pico";24;0.162;0.362;11
49;"Pico";24;1.605;1.805;11
49;"Pico";24;0.573;0.773;11
49;"Pico";24;0.319;0.519;11
50;"Pico";24;1.998;2.198;11
50;"Pico";24;0.19;0.39;11
50;"Pico";24;1.423;1.623;11
50;"Pico";24;1.117;1.317;11
50;"Pico";24;1.89;2.09;11
50;"Pico";24;0.89;1.09;11
50;"Pico";24;0.919;1.119;11
50;"Pico";24;0.962;1.162;11
50;"Pico";24;0.82;1.02;11
50;"Pico";24;0.581;0.781;11
50;"Pico";24;0.5;0.7;11
50;"Pico";24;1.965;2.165;11
50;"Pico";24;0.456;0.656;11
50;"Pico";24;1.028;1.228;11
50;"Pico";24;1.086;1.286;11
50;"Pico";24;1.248;1.448;11
50;"Pico";24;1.272;1.472;11
50;"Pico";24;0.835;1.035;11
50;"Pico";24;0.637;0.837;11
50;"Pico";24;0.728;0.928;11
50;"Pico";24;0.845;1.045;11
50;"Pico";24;0.162;0.362;11
50;"Pico";24;1.605;1.805;11
50;"Pico";24;0.573;0.773;11
50;"Pico";24;0.319;0.519;11
51;"Pico";24;1.998;2.198;11
51;"Pico";24;0.19;0.39;11
51;"Pico";24;1.423;1.623;11
51;"Pico";24;1.117;1.317;11
51;"Pico";24;1.89;2.09;11
51;"Pico";24;0.89;1.09;11
51;"Pico";24;0.919;1.119;11
51;"Pico";24;0.962;1.162;11
51;"Pico";24;0.82;1.02;11
51;"Pico";24;0.581;0.781;11
51;"Pico";24;0.5;0.7;11
51;"Pico";24;1.965;2.165;11
51;"Pico";24;0.456;0.656;11
51;"Pico";24;1.028;1.228;11
51;"Pico";24;1.086;1.286;11
51;"Pico";24;1.248;1.448;11
51;"Pico";24;1.272;1.472;11
51;"Pico";24;0.835;1.035;11
51;"Pico";24;0.637;0.837;11
51;"Pico";24;0.728;0.928;11
51;"Pico";24;0.845;1.045;11
51;"Pico";24;0.162;0.362;11
51;"Pico";24;1.605;1.805;11
51;"Pico";24;0.573;0.773;11
51;"Pico";24;0.319;0.519;11
52;"Pico";24;1.998;2.198;11
52;"Pico";24;0.19;0.39;11
52;"Pico";24;1.423;1.623;11
52;"Pico";24;1.117;1.317;11
52;"Pico";24;1.89;2.09;11
52;"Pico";24;0.89;1.09;11
52;"Pico";24;0.919;1.119;11
52;"Pico";24;0.962;1.162;11
52;"Pico";24;0.82;1.02;11
52;"Pico";24;0.581;0.781;11
52;"Pico";24;0.5;0.7;11
52;"Pico";24;1.965;2.165;11
52;"Pico";24;0.456;0.656;11
52;"Pico";24;1.028;1.228;11
52;"Pico";24;1.086;1.286;11
52;"Pico";24;1.248;1.448;11
52;"Pico";24;1.272;1.472;11
52;"Pico";24;0.835;1.035;11
52;"Pico";24;0.637;0.837;11
52;"Pico";24;0.728;0.928;11
52;"Pico";24;0.845;1.045;11
52;"Pico";24;0.162;0.362;11
52;"Pico";24;1.605;1.805;11
52;"Pico";24;0.573;0.773;11
52;"Pico";24;0.319;0.519;11
53;"Pico";24;1.998;2.198;11
53;"Pico";24;0.19;0.39;11
53;"Pico";24;1.423;1.623;11
53;"Pico";24;1.117;1.317;11
53;"Pico";24;1.89;2.09;11
53;"Pico";24;0.89;1.09;11
53;"Pico";24;0.919;1.119;11
53;"Pico";24;0.962;1.162;11
53;"Pico";24;0.82;1.02;11
53;"Pico";24;0.581;0.781;11
53;"Pico";24;0.5;0.7;11
53;"Pico";24;1.965;2.165;11
53;"Pico";24;0.456;0.656;11
53;"Pico";24;1.028;1.228;11
53;"Pico";24;1.086;1.286;11
53;"Pico";24;1.248;1.448;11
53;"Pico";24;1.272;1.472;11
53;"Pico";24;0.835;1.035;11
53;"Pico";24;0.637;0.837;11
53;"Pico";24;0.728;0.928;11
53;"Pico";24;0.845;1.045;11
53;"Pico";24;0.162;0.362;11
53;"Pico";24;1.605;1.805;11
53;"Pico";24;0.573;0.773;11
53;"Pico";24;0.319;0.519;11
54;"Pico";24;1.998;2.198;11
54;"Pico";24;0.19;0.39;11
54;"Pico";24;1.423;1.623;11
54;"Pico";24;1.117;1.317;11
54;"Pico";24;1.89;2.09;11
54;"Pico";24;0.89;1.09;11
54;"Pico";24;0.919;1.119;11
54;"Pico";24;0.962;1.162;11
54;"Pico";24;0.82;1.02;11
54;"Pico";24;0.581;0.781;11
54;"Pico";24;0.5;0.7;11
54;"Pico";24;1.965;2.165;11
54;"Pico";24;0.456;0.656;11
54;"Pico";24;1.028;1.228;11
54;"Pico";24;1.086;1.286;11
54;"Pico";24;1.248;1.448;11
54;"Pico";24;1.272;1.472;11
54;"Pico";24;0.835;1.035;11
54;"Pico";24;0.637;0.837;11
54;"Pico";24;0.728;0.928;11
54;"Pico";24;0.845;1.045;11
54;"Pico";24;0.162;0.362;11
54;"Pico";24;1.605;1.805;11
54;"Pico";24;0.573;0.773;11
54;"Pico";24;0.319;0.519;11
55;"Pico";24;1.998;2.198;11
55;"Pico";24;0.19;0.39;11
55;"Pico";24;1.423;1.623;11
55;"Pico";24;1.117;1.317;11
55;"Pico";24;1.89;2.09;11
55;"Pico";24;0.89;1.09;11
55;"Pico";24;0.919;1.119;11
55;"Pico";24;0.962;1.162;11
55;"Pico";24;0.82;1.02;11
55;"Pico";24;0.581;0.781;11
55;"Pico";24;0.5;0.7;11
55;"Pico";24;1.965;2.165;11
55;"Pico";24;0.456;0.656;11
55;"Pico";24;1.028;1.228;11
55;"Pico";24;1.086;1.286;11
55;"Pico";24;1.248;1.448;11
55;"Pico";24;1.272;1.472;11
55;"Pico";24;0.835;1.035;11
55;"Pico";24;0.637;0.837;11
55;"Pico";24;0.728;0.928;11
55;"Pico";24;0.845;1.045;11
55;"Pico";24;0.162;0.362;11
55;"Pico";24;1.605;1.805;11
55;"Pico";24;0.573;0.773;11
55;"Pico";24;0.319;0.519;11
56;"Pico";24;1.998;2.198;11
56;"Pico";24;0.19;0.39;11
56;"Pico";24;1.423;1.623;11
56;"Pico";24;1.117;1.317;11
56;"Pico";24;1.89;2.09;11
56;"Pico";24;0.89;1.09;11
56;"Pico";24;0.919;1.119;11
56;"Pico";24;0.962;1.162;11
56;"Pico";24;0.82;1.02;11
56;"Pico";24;0.581;0.781;11
56;"Pico";24;0.5;0.7;11
56;"Pico";24;1.965;2.165;11
56;"Pico";24;0.456;0.656;11
56;"Pico";24;1.028;1.228;11
56;"Pico";24;1.086;1.286;11
56;"Pico";24;1.248;1.448;11
56;"Pico";24;1.272;1.472;11
56;"Pico";24;0.835;1.035;11
56;"Pico";24;0.637;0.837;11
56;"Pico";24;0.728;0.928;11
56;"Pico";24;0.845;1.045;11
56;"Pico";24;0.162;0.362;11
56;"Pico";24;1.605;1.805;11
56;"Pico";24;0.573;0.773;11
56;"Pico";24;0.319;0.519;11
57;"Pico";24;1.998;2.198;11
57;"Pico";24;0.19;0.39;11
57;"Pico";24;1.423;1.623;11
57;"Pico";24;1.117;1.317;11
57;"Pico";24;1.89;2.09;11
57;"Pico";24;0.89;1.09;11
57;"Pico";24;0.919;1.119;11
57;"Pico";24;0.962;1.162;11
57;"Pico";24;0.82;1.02;11
57;"Pico";24;0.581;0.781;11
57;"Pico";24;0.5;0.7;11
57;"Pico";24;1.965;2.165;11
57;"Pico";24;0.456;0.656;11
57;"Pico";24;1.028;1.228;11
57;"Pico";24;1.086;1.286;11
57;"Pico";24;1.248;1.448;11
57;"Pico";24;1.272;1.472;11
57;"Pico";24;0.835;1.035;11
57;"Pico";24;0.637;0.837;11
57;"Pico";24;0.728;0.928;11
57;"Pico";24;0.845;1.045;11
57;"Pico";24;0.162;0.362;11
57;"Pico";24;1.605;1.805;11
57;"Pico";24;0.573;0.773;11
57;"Pico";24;0.319;0.519;11
58;"Pico";24;1.998;2.198;11
58;"Pico";24;0.19;0.39;11
58;"Pico";24;1.423;1.623;11
58;"Pico";24;1.117;1.317;11
58;"Pico";24;1.89;2.09;11
58;"Pico";24;0.89;1.09;11
58;"Pico";24;0.919;1.119;11
58;"Pico";24;0.962;1.162;11
58;"Pico";24;0.82;1.02;11
58;"Pico";24;0.581;0.781;11
58;"Pico";24;0.5;0.7;11
58;"Pico";24;1.965;2.165;11
58;"Pico";24;0.456;0.656;11
58;"Pico";24;1.028;1.228;11
58;"Pico";24;1.086;1.286;11
58;"Pico";24;1.248;1.448;11
58;"Pico";24;1.272;1.472;11
58;"Pico";24;0.835;1.035;11
58;"Pico";24;0.637;0.837;11
58;"Pico";24;0.728;0.928;11
58;"Pico";24;0.845;1.045;11
58;"Pico";24;0.162;0.362;11
58;"Pico";24;1.605;1.805;11
58;"Pico";24;0.573;0.773;11
58;"Pico";24;0.319;0.519;11
59;"Pico";24;1.998;2.198;11
59;"Pico";24;0.19;0.39;11
59;"Pico";24;1.423;1.623;11
59;"Pico";24;1.117;1.317;11
59;"Pico";24;1.89;2.09;11
59;"Pico";24;0.89;1.09;11
59;"Pico";24;0.919;1.119;11
59;"Pico";24;0.962;1.162;11
59;"Pico";24;0.82;1.02;11
59;"Pico";24;0.581;0.781;11
59;"Pico";24;0.5;0.7;11
59;"Pico";24;1.965;2.165;11
59;"Pico";24;0.456;0.656;11
59;"Pico";24;1.028;1.228;11
59;"Pico";24;1.086;1.286;11
59;"Pico";24;1.248;1.448;11
59;"Pico";24;1.272;1.472;11
59;"Pico";24;0.835;1.035;11
59;"Pico";24;0.637;0.837;11
59;"Pico";24;0.728;0.928;11
59;"Pico";24;0.845;1.045;11
59;"Pico";24;0.162;0.362;11
59;"Pico";24;1.605;1.805;11
59;"Pico";24;0.573;0.773;11
59;"Pico";24;0.319;0.519;11
60;"Pico";24;1.998;2.198;11
60;"Pico";24;0.19;0.39;11
60;"Pico";24;1.423;1.623;11
60;"Pico";24;1.117;1.317;11
60;"Pico";24;1.89;2.09;11
60;"Pico";24;0.89;1.09;11
60;"Pico";24;0.919;1.119;11
60;"Pico";24;0.962;1.162;11
60;"Pico";24;0.82;1.02;11
60;"Pico";24;0.581;0.781;11
60;"Pico";24;0.5;0.7;11
60;"Pico";24;1.965;2.165;11
60;"Pico";24;0.456;0.656;11
60;"Pico";24;1.028;1.228;11
60;"Pico";24;1.086;1.286;11
60;"Pico";24;1.248;1.448;11
60;"Pico";24;1.272;1.472;11
60;"Pico";24;0.835;1.035;11
60;"Pico";24;0.637;0.837;11
60;"Pico";24;0.728;0.928;11
60;"Pico";24;0.845;1.045;11
60;"Pico";24;0.162;0.362;11
60;"Pico";24;1.605;1.805;11
60;"Pico";24;0.573;0.773;11
60;"Pico";24;0.319;0.519;11
61;"Pico";24;1.998;2.198;11
61;"Pico";24;0.19;0.39;11
61;"Pico";24;1.423;1.623;11
61;"Pico";24;1.117;1.317;11
61;"Pico";24;1.89;2.09;11
61;"Pico";24;0.89;1.09;11
61;"Pico";24;0.919;1.119;11
61;"Pico";24;0.962;1.162;11
61;"Pico";24;0.82;1.02;11
61;"Pico";24;0.581;0.781;11
61;"Pico";24;0.5;0.7;11
61;"Pico";24;1.965;2.165;11
61;"Pico";24;0.456;0.656;11
61;"Pico";24;1.028;1.228;11
61;"Pico";24;1.086;1.286;11
61;"Pico";24;1.248;1.448;11
61;"Pico";24;1.272;1.472;11
61;"Pico";24;0.835;1.035;11
61;"Pico";24;0.637;0.837;11
61;"Pico";24;0.728;0.928;11
61;"Pico";24;0.845;1.045;11
61;"Pico";24;0.162;0.362;11
61;"Pico";24;1.605;1.805;11
61;"Pico";24;0.573;0.773;11
61;"Pico";24;0.319;0.519;11
62;"Pico";24;1.998;2.198;11
62;"Pico";24;0.19;0.39;11
62;"Pico";24;1.423;1.623;11
62;"Pico";24;1.117;1.317;11
62;"Pico";24;1.89;2.09;11
62;"Pico";24;0.89;1.09;11
62;"Pico";24;0.919;1.119;11
62;"Pico";24;0.962;1.162;11
62;"Pico";24;0.82;1.02;11
62;"Pico";24;0.581;0.781;11
62;"Pico";24;0.5;0.7;11
62;"Pico";24;1.965;2.165;11
62;"Pico";24;0.456;0.656;11
62;"Pico";24;1.028;1.228;11
62;"Pico";24;1.086;1.286;11
62;"Pico";24;1.248;1.448;11
62;"Pico";24;1.272;1.472;11
62;"Pico";24;0.835;1.035;11
62;"Pico";24;0.637;0.837;11
62;"Pico";24;0.728;0.928;11
62;"Pico";24;0.845;1.045;11
62;"Pico";24;0.162;0.362;11
62;"Pico";24;1.605;1.805;11
62;"Pico";24;0.573;0.773;11
62;"Pico";24;0.319;0.519;11
63;"Pico";24;1.998;2.198;11
63;"Pico";24;0.19;0.39;11
63;"Pico";24;1.423;1.623;11
63;"Pico";24;1.117;1.317;11
63;"Pico";24;1.89;2.09;11
63;"Pico";24;0.89;1.09;11
63;"Pico";24;0.919;1.119;11
63;"Pico";24;0.962;1.162;11
63;"Pico";24;0.82;1.02;11
63;"Pico";24;0.581;0.781;11
63;"Pico";24;0.5;0.7;11
63;"Pico";24;1.965;2.165;11
63;"Pico";24;0.456;0.656;11
63;"Pico";24;1.028;1.228;11
63;"Pico";24;1.086;1.286;11
63;"Pico";24;1.248;1.448;11
63;"Pico";24;1.272;1.472;11
63;"Pico";24;0.835;1.035;11
63;"Pico";24;0.637;0.837;11
63;"Pico";24;0.728;0.928;11
63;"Pico";24;0.845;1.045;11
63;"Pico";24;0.162;0.362;11
63;"Pico";24;1.605;1.805;11
63;"Pico";24;0.573;0.773;11
63;"Pico";24;0.319;0.519;11
64;"Pico";24;1.998;2.198;11
64;"Pico";24;0.19;0.39;11
64;"Pico";24;1.423;1.623;11
64;"Pico";24;1.117;1.317;11
64;"Pico";24;1.89;2.09;11
64;"Pico";24;0.89;1.09;11
64;"Pico";24;0.919;1.119;11
64;"Pico";24;0.962;1.162;11
64;"Pico";24;0.82;1.02;11
64;"Pico";24;0.581;0.781;11
64;"Pico";24;0.5;0.7;11
64;"Pico";24;1.965;2.165;11
64;"Pico";24;0.456;0.656;11
64;"Pico";24;1.028;1.228;11
64;"Pico";24;1.086;1.286;11
64;"Pico";24;1.248;1.448;11
64;"Pico";24;1.272;1.472;11
64;"Pico";24;0.835;1.035;11
64;"Pico";24;0.637;0.837;11
64;"Pico";24;0.728;0.928;11
64;"Pico";24;0.845;1.045;11
64;"Pico";24;0.162;0.362;11
64;"Pico";24;1.605;1.805;11
64;"Pico";24;0.573;0.773;11
64;"Pico";24;0.319;0.519;11
65;"Pico";24;1.998;2.198;11
65;"Pico";24;0.19;0.39;11
65;"Pico";24;1.423;1.623;11
65;"Pico";24;1.117;1.317;11
65;"Pico";24;1.89;2.09;11
65;"Pico";24;0.89;1.09;11
65;"Pico";24;0.919;1.119;11
65;"Pico";24;0.962;1.162;11
65;"Pico";24;0.82;1.02;11
65;"Pico";24;0.581;0.781;11
65;"Pico";24;0.5;0.7;11
65;"Pico";24;1.965;2.165;11
65;"Pico";24;0.456;0.656;11
65;"Pico";24;1.028;1.228;11
65;"Pico";24;1.086;1.286;11
65;"Pico";24;1.248;1.448;11
65;"Pico";24;1.272;1.472;11
65;"Pico";24;0.835;1.035;11
65;"Pico";24;0.637;0.837;11
65;"Pico";24;0.728;0.928;11
65;"Pico";24;0.845;1.045;11
65;"Pico";24;0.162;0.362;11
65;"Pico";24;1.605;1.805;11
65;"Pico";24;0.573;0.773;11
65;"Pico";24;0.319;0.519;11
66;"Pico";24;1.998;2.198;11
66;"Pico";24;0.19;0.39;11
66;"Pico";24;1.423;1.623;11
66;"Pico";24;1.117;1.317;11
66;"Pico";24;1.89;2.09;11
66;"Pico";24;0.89;1.09;11
66;"Pico";24;0.919;1.119;11
66;"Pico";24;0.962;1.162;11
66;"Pico";24;0.82;1.02;11
66;"Pico";24;0.581;0.781;11
66;"Pico";24;0.5;0.7;11
66;"Pico";24;1.965;2.165;11
66;"Pico";24;0.456;0.656;11
66;"Pico";24;1.028;1.228;11
66;"Pico";24;1.086;1.286;11
66;"Pico";24;1.248;1.448;11
66;"Pico";24;1.272;1.472;11
66;"Pico";24;0.835;1.035;11
66;"Pico";24;0.637;0.837;11
66;"Pico";24;0.728;0.928;11
66;"Pico";24;0.845;1.045;11
66;"Pico";24;0.162;0.362;11
66;"Pico";24;1.605;1.805;11
66;"Pico";24;0.573;0.773;11
66;"Pico";24;0.319;0.519;11
67;"Pico";24;1.998;2.198;11
67;"Pico";24;0.19;0.39;11
67;"Pico";24;1.423;1.623;11
67;"Pico";24;1.117;1.317;11
67;"Pico";24;1.89;2.09;11
67;"Pico";24;0.89;1.09;11
67;"Pico";24;0.919;1.119;11
67;"Pico";24;0.962;1.162;11
67;"Pico";24;0.82;1.02;11
67;"Pico";24;0.581;0.781;11
67;"Pico";24;0.5;0.7;11
67;"Pico";24;1.965;2.165;11
67;"Pico";24;0.456;0.656;11
67;"Pico";24;1.028;1.228;11
67;"Pico";24;1.086;1.286;11
67;"Pico";24;1.248;1.448;11
67;"Pico";24;1.272;1.472;11
67;"Pico";24;0.835;1.035;11
67;"Pico";24;0.637;0.837;11
67;"Pico";24;0.728;0.928;11
67;"Pico";24;0.845;1.045;11
67;"Pico";24;0.162;0.362;11
67;"Pico";24;1.605;1.805;11
67;"Pico";24;0.573;0.773;11
67;"Pico";24;0.319;0.519;11
68;"Pico";24;1.998;2.198;11
68;"Pico";24;0.19;0.39;11
68;"Pico";24;1.423;1.623;11
68;"Pico";24;1.117;1.317;11
68;"Pico";24;1.89;2.09;11
68;"Pico";24;0.89;1.09;11
68;"Pico";24;0.919;1.119;11
68;"Pico";24;0.962;1.162;11
68;"Pico";24;0.82;1.02;11
68;"Pico";24;0.581;0.781;11
68;"Pico";24;0.5;0.7;11
68;"Pico";24;1.965;2.165;11
68;"Pico";24;0.456;0.656;11
68;"Pico";24;1.028;1.228;11
68;"Pico";24;1.086;1.286;11
68;"Pico";24;1.248;1.448;11
68;"Pico";24;1.272;1.472;11
68;"Pico";24;0.835;1.035;11
68;"Pico";24;0.637;0.837;11
68;"Pico";24;0.728;0.928;11
68;"Pico";24;0.845;1.045;11
68;"Pico";24;0.162;0.362;11
68;"Pico";24;1.605;1.805;11
68;"Pico";24;0.573;0.773;11
68;"Pico";24;0.319;0.519;11
69;"Pico";24;1.998;2.198;11
69;"Pico";24;0.19;0.39;11
69;"Pico";24;1.423;1.623;11
69;"Pico";24;1.117;1.317;11
69;"Pico";24;1.89;2.09;11
69;"Pico";24;0.89;1.09;11
69;"Pico";24;0.919;1.119;11
69;"Pico";24;0.962;1.162;11
69;"Pico";24;0.82;1.02;11
69;"Pico";24;0.581;0.781;11
69;"Pico";24;0.5;0.7;11
69;"Pico";24;1.965;2.165;11
69;"Pico";24;0.456;0.656;11
69;"Pico";24;1.028;1.228;11
69;"Pico";24;1.086;1.286;11
69;"Pico";24;1.248;1.448;11
69;"Pico";24;1.272;1.472;11
69;"Pico";24;0.835;1.035;11
69;"Pico";24;0.637;0.837;11
69;"Pico";24;0.728;0.928;11
69;"Pico";24;0.845;1.045;11
69;"Pico";24;0.162;0.362;11
69;"Pico";24;1.605;1.805;11
69;"Pico";24;0.573;0.773;11
69;"Pico";24;0.319;0.519;11
70;"Pico";24;1.998;2.198;11
70;"Pico";24;0.19;0.39;11
70;"Pico";24;1.423;1.623;11
70;"Pico";24;1.117;1.317;11
70;"Pico";24;1.89;2.09;11
70;"Pico";24;0.89;1.09;11
70;"Pico";24;0.919;1.119;11
70;"Pico";24;0.962;1.162;11
70;"Pico";24;0.82;1.02;11
70;"Pico";24;0.581;0.781;11
70;"Pico";24;0.5;0.7;11
70;"Pico";24;1.965;2.165;11
70;"Pico";24;0.456;0.656;11
70;"Pico";24;1.028;1.228;11
70;"Pico";24;1.086;1.286;11
70;"Pico";24;1.248;1.448;11
70;"Pico";24;1.272;1.472;11
70;"Pico";24;0.835;1.035;11
70;"Pico";24;0.637;0.837;11
70;"Pico";24;0.728;0.928;11
70;"Pico";24;0.845;1.045;11
70;"Pico";24;0.162;0.362;11
70;"Pico";24;1.605;1.805;11
70;"Pico";24;0.573;0.773;11
70;"Pico";24;0.319;0.519;11
71;"Pico";24;1.998;2.198;11
71;"Pico";24;0.19;0.39;11
71;"Pico";24;1.423;1.623;11
71;"Pico";24;1.117;1.317;11
71;"Pico";24;1.89;2.09;11
71;"Pico";24;0.89;1.09;11
71;"Pico";24;0.919;1.119;11
71;"Pico";24;0.962;1.162;11
71;"Pico";24;0.82;1.02;11
71;"Pico";24;0.581;0.781;11
71;"Pico";24;0.5;0.7;11
71;"Pico";24;1.965;2.165;11
71;"Pico";24;0.456;0.656;11
71;"Pico";24;1.028;1.228;11
71;"Pico";24;1.086;1.286;11
71;"Pico";24;1.248;1.448;11
71;"Pico";24;1.272;1.472;11
71;"Pico";24;0.835;1.035;11
71;"Pico";24;0.637;0.837;11
71;"Pico";24;0.728;0.928;11
71;"Pico";24;0.845;1.045;11
71;"Pico";24;0.162;0.362;11
71;"Pico";24;1.605;1.805;11
71;"Pico";24;0.573;0.773;11
71;"Pico";24;0.319;0.519;11
72;"Pico";24;1.998;2.198;11
72;"Pico";24;0.19;0.39;11
72;"Pico";24;1.423;1.623;11
72;"Pico";24;1.117;1.317;11
72;"Pico";24;1.89;2.09;11
72;"Pico";24;0.89;1.09;11
72;"Pico";24;0.919;1.119;11
72;"Pico";24;0.962;1.162;11
72;"Pico";24;0.82;1.02;11
72;"Pico";24;0.581;0.781;11
72;"Pico";24;0.5;0.7;11
72;"Pico";24;1.965;2.165;11
72;"Pico";24;0.456;0.656;11
72;"Pico";24;1.028;1.228;11
72;"Pico";24;1.086;1.286;11
72;"Pico";24;1.248;1.448;11
72;"Pico";24;1.272;1.472;11
72;"Pico";24;0.835;1.035;11
72;"Pico";24;0.637;0.837;11
72;"Pico";24;0.728;0.928;11
72;"Pico";24;0.845;1.045;11
72;"Pico";24;0.162;0.362;11
72;"Pico";24;1.605;1.805;11
72;"Pico";24;0.573;0.773;11
72;"Pico";24;0.319;0.519;11
73;"Pico";24;1.998;2.198;11
73;"Pico";24;0.19;0.39;11
73;"Pico";24;1.423;1.623;11
73;"Pico";24;1.117;1.317;11
73;"Pico";24;1.89;2.09;11
73;"Pico";24;0.89;1.09;11
73;"Pico";24;0.919;1.119;11
73;"Pico";24;0.962;1.162;11
73;"Pico";24;0.82;1.02;11
73;"Pico";24;0.581;0.781;11
73;"Pico";24;0.5;0.7;11
73;"Pico";24;1.965;2.165;11
73;"Pico";24;0.456;0.656;11
73;"Pico";24;1.028;1.228;11
73;"Pico";24;1.086;1.286;11
73;"Pico";24;1.248;1.448;11
73;"Pico";24;1.272;1.472;11
73;"Pico";24;0.835;1.035;11
73;"Pico";24;0.637;0.837;11
73;"Pico";24;0.728;0.928;11
73;"Pico";24;0.845;1.045;11
73;"Pico";24;0.162;0.362;11
73;"Pico";24;1.605;1.805;11
73;"Pico";24;0.573;0.773;11
73;"Pico";24;0.319;0.519;11
74;"Pico";24;1.998;2.198;11
74;"Pico";24;0.19;0.39;11
74;"Pico";24;1.423;1.623;11
74;"Pico";24;1.117;1.317;11
74;"Pico";24;1.89;2.09;11
74;"Pico";24;0.89;1.09;11
74;"Pico";24;0.919;1.119;11
74;"Pico";24;0.962;1.162;11
74;"Pico";24;0.82;1.02;11
74;"Pico";24;0.581;0.781;11
74;"Pico";24;0.5;0.7;11
74;"Pico";24;1.965;2.165;11
74;"Pico";24;0.456;0.656;11
74;"Pico";24;1.028;1.228;11
74;"Pico";24;1.086;1.286;11
74;"Pico";24;1.248;1.448;11
74;"Pico";24;1.272;1.472;11
74;"Pico";24;0.835;1.035;11
74;"Pico";24;0.637;0.837;11
74;"Pico";24;0.728;0.928;11
74;"Pico";24;0.845;1.045;11
74;"Pico";24;0.162;0.362;11
74;"Pico";24;1.605;1.805;11
74;"Pico";24;0.573;0.773;11
74;"Pico";24;0.319;0.519;11
75;"Pico";24;1.998;2.198;11
75;"Pico";24;0.19;0.39;11
75;"Pico";24;1.423;1.623;11
75;"Pico";24;1.117;1.317;11
75;"Pico";24;1.89;2.09;11
75;"Pico";24;0.89;1.09;11
75;"Pico";24;0.919;1.119;11
75;"Pico";24;0.962;1.162;11
75;"Pico";24;0.82;1.02;11
75;"Pico";24;0.581;0.781;11
75;"Pico";24;0.5;0.7;11
75;"Pico";24;1.965;2.165;11
75;"Pico";24;0.456;0.656;11
75;"Pico";24;1.028;1.228;11
75;"Pico";24;1.086;1.286;11
75;"Pico";24;1.248;1.448;11
75;"Pico";24;1.272;1.472;11
75;"Pico";24;0.835;1.035;11
75;"Pico";24;0.637;0.837;11
75;"Pico";24;0.728;0.928;11
75;"Pico";24;0.845;1.045;11
75;"Pico";24;0.162;0.362;11
75;"Pico";24;1.605;1.805;11
75;"Pico";24;0.573;0.773;11
75;"Pico";24;0.319;0.519;11
76;"Pico";24;1.998;2.198;11
76;"Pico";24;0.19;0.39;11
76;"Pico";24;1.423;1.623;11
76;"Pico";24;1.117;1.317;11
76;"Pico";24;1.89;2.09;11
76;"Pico";24;0.89;1.09;11
76;"Pico";24;0.919;1.119;11
76;"Pico";24;0.962;1.162;11
76;"Pico";24;0.82;1.02;11
76;"Pico";24;0.581;0.781;11
76;"Pico";24;0.5;0.7;11
76;"Pico";24;1.965;2.165;11
76;"Pico";24;0.456;0.656;11
76;"Pico";24;1.028;1.228;11
76;"Pico";24;1.086;1.286;11
76;"Pico";24;1.248;1.448;11
76;"Pico";24;1.272;1.472;11
76;"Pico";24;0.835;1.035;11
76;"Pico";24;0.637;0.837;11
76;"Pico";24;0.728;0.928;11
76;"Pico";24;0.845;1.045;11
76;"Pico";24;0.162;0.362;11
76;"Pico";24;1.605;1.805;11
76;"Pico";24;0.573;0.773;11
76;"Pico";24;0.319;0.519;11
77;"Pico";24;1.998;2.198;11
77;"Pico";24;0.19;0.39;11
77;"Pico";24;1.423;1.623;11
77;"Pico";24;1.117;1.317;11
77;"Pico";24;1.89;2.09;11
77;"Pico";24;0.89;1.09;11
77;"Pico";24;0.919;1.119;11
77;"Pico";24;0.962;1.162;11
77;"Pico";24;0.82;1.02;11
77;"Pico";24;0.581;0.781;11
77;"Pico";24;0.5;0.7;11
77;"Pico";24;1.965;2.165;11
77;"Pico";24;0.456;0.656;11
77;"Pico";24;1.028;1.228;11
77;"Pico";24;1.086;1.286;11
77;"Pico";24;1.248;1.448;11
77;"Pico";24;1.272;1.472;11
77;"Pico";24;0.835;1.035;11
77;"Pico";24;0.637;0.837;11
77;"Pico";24;0.728;0.928;11
77;"Pico";24;0.845;1.045;11
77;"Pico";24;0.162;0.362;11
77;"Pico";24;1.605;1.805;11
77;"Pico";24;0.573;0.773;11
77;"Pico";24;0.319;0.519;11
78;"Pico";24;1.998;2.198;11
78;"Pico";24;0.19;0.39;11
78;"Pico";24;1.423;1.623;11
78;"Pico";24;1.117;1.317;11
78;"Pico";24;1.89;2.09;11
78;"Pico";24;0.89;1.09;11
78;"Pico";24;0.919;1.119;11
78;"Pico";24;0.962;1.162;11
78;"Pico";24;0.82;1.02;11
78;"Pico";24;0.581;0.781;11
78;"Pico";24;0.5;0.7;11
78;"Pico";24;1.965;2.165;11
78;"Pico";24;0.456;0.656;11
78;"Pico";24;1.028;1.228;11
78;"Pico";24;1.086;1.286;11
78;"Pico";24;1.248;1.448;11
78;"Pico";24;1.272;1.472;11
78;"Pico";24;0.835;1.035;11
78;"Pico";24;0.637;0.837;11
78;"Pico";24;0.728;0.928;11
78;"Pico";24;0.845;1.045;11
78;"Pico";24;0.162;0.362;11
78;"Pico";24;1.605;1.805;11
78;"Pico";24;0.573;0.773;11
78;"Pico";24;0.319;0.519;11
79;"Pico";24;1.998;2.198;11
79;"Pico";24;0.19;0.39;11
79;"Pico";24;1.423;1.623;11
79;"Pico";24;1.117;1.317;11
79;"Pico";24;1.89;2.09;11
79;"Pico";24;0.89;1.09;11
79;"Pico";24;0.919;1.119;11
79;"Pico";24;0.962;1.162;11
79;"Pico";24;0.82;1.02;11
79;"Pico";24;0.581;0.781;11
79;"Pico";24;0.5;0.7;11
79;"Pico";24;1.965;2.165;11
79;"Pico";24;0.456;0.656;11
79;"Pico";24;1.028;1.228;11
79;"Pico";24;1.086;1.286;11
79;"Pico";24;1.248;1.448;11
79;"Pico";24;1.272;1.472;11
79;"Pico";24;0.835;1.035;11
79;"Pico";24;0.637;0.837;11
79;"Pico";24;0.728;0.928;11
79;"Pico";24;0.845;1.045;11
79;"Pico";24;0.162;0.362;11
79;"Pico";24;1.605;1.805;11
79;"Pico";24;0.573;0.773;11
79;"Pico";24;0.319;0.519;11
80;"Pico";24;1.998;2.198;11
80;"Pico";24;0.19;0.39;11
80;"Pico";24;1.423;1.623;11
80;"Pico";24;1.117;1.317;11
80;"Pico";24;1.89;2.09;11
80;"Pico";24;0.89;1.09;11
80;"Pico";24;0.919;1.119;11
80;"Pico";24;0.962;1.162;11
80;"Pico";24;0.82;1.02;11
80;"Pico";24;0.581;0.781;11
80;"Pico";24;0.5;0.7;11
80;"Pico";24;1.965;2.165;11
80;"Pico";24;0.456;0.656;11
80;"Pico";24;1.028;1.228;11
80;"Pico";24;1.086;1.286;11
80;"Pico";24;1.248;1.448;11
80;"Pico";24;1.272;1.472;11
80;"Pico";24;0.835;1.035;11
80;"Pico";24;0.637;0.837;11
80;"Pico";24;0.728;0.928;11
80;"Pico";24;0.845;1.045;11
80;"Pico";24;0.162;0.362;11
80;"Pico";24;1.605;1.805;11
80;"Pico";24;0.573;0.773;11
80;"Pico";24;0.319;0.519;11
81;"Pico";24;1.998;2.198;11
81;"Pico";24;0.19;0.39;11
81;"Pico";24;1.423;1.623;11
81;"Pico";24;1.117;1.317;11
81;"Pico";24;1.89;2.09;11
81;"Pico";24;0.89;1.09;11
81;"Pico";24;0.919;1.119;11
81;"Pico";24;0.962;1.162;11
81;"Pico";24;0.82;1.02;11
81;"Pico";24;0.581;0.781;11
81;"Pico";24;0.5;0.7;11
81;"Pico";24;1.965;2.165;11
81;"Pico";24;0.456;0.656;11
81;"Pico";24;1.028;1.228;11
81;"Pico";24;1.086;1.286;11
81;"Pico";24;1.248;1.448;11
81;"Pico";24;1.272;1.472;11
81;"Pico";24;0.835;1.035;11
81;"Pico";24;0.637;0.837;11
81;"Pico";24;0.728;0.928;11
81;"Pico";24;0.845;1.045;11
81;"Pico";24;0.162;0.362;11
81;"Pico";24;1.605;1.805;11
81;"Pico";24;0.573;0.773;11
81;"Pico";24;0.319;0.519;11
82;"Pico";24;1.998;2.198;11
82;"Pico";24;0.19;0.39;11
82;"Pico";24;1.423;1.623;11
82;"Pico";24;1.117;1.317;11
82;"Pico";24;1.89;2.09;11
82;"Pico";24;0.89;1.09;11
82;"Pico";24;0.919;1.119;11
82;"Pico";24;0.962;1.162;11
82;"Pico";24;0.82;1.02;11
82;"Pico";24;0.581;0.781;11
82;"Pico";24;0.5;0.7;11
82;"Pico";24;1.965;2.165;11
82;"Pico";24;0.456;0.656;11
82;"Pico";24;1.028;1.228;11
82;"Pico";24;1.086;1.286;11
82;"Pico";24;1.248;1.448;11
82;"Pico";24;1.272;1.472;11
82;"Pico";24;0.835;1.035;11
82;"Pico";24;0.637;0.837;11
82;"Pico";24;0.728;0.928;11
82;"Pico";24;0.845;1.045;11
82;"Pico";24;0.162;0.362;11
82;"Pico";24;1.605;1.805;11
82;"Pico";24;0.573;0.773;11
82;"Pico";24;0.319;0.519;11
83;"Pico";24;1.998;2.198;11
83;"Pico";24;0.19;0.39;11
83;"Pico";24;1.423;1.623;11
83;"Pico";24;1.117;1.317;11
83;"Pico";24;1.89;2.09;11
83;"Pico";24;0.89;1.09;11
83;"Pico";24;0.919;1.119;11
83;"Pico";24;0.962;1.162;11
83;"Pico";24;0.82;1.02;11
83;"Pico";24;0.581;0.781;11
83;"Pico";24;0.5;0.7;11
83;"Pico";24;1.965;2.165;11
83;"Pico";24;0.456;0.656;11
83;"Pico";24;1.028;1.228;11
83;"Pico";24;1.086;1.286;11
83;"Pico";24;1.248;1.448;11
83;"Pico";24;1.272;1.472;11
83;"Pico";24;0.835;1.035;11
83;"Pico";24;0.637;0.837;11
83;"Pico";24;0.728;0.928;11
83;"Pico";24;0.845;1.045;11
83;"Pico";24;0.162;0.362;11
83;"Pico";24;1.605;1.805;11
83;"Pico";24;0.573;0.773;11
83;"Pico";24;0.319;0.519;11
84;"Pico";24;1.998;2.198;11
84;"Pico";24;0.19;0.39;11
84;"Pico";24;1.423;1.623;11
84;"Pico";24;1.117;1.317;11
84;"Pico";24;1.89;2.09;11
84;"Pico";24;0.89;1.09;11
84;"Pico";24;0.919;1.119;11
84;"Pico";24;0.962;1.162;11
84;"Pico";24;0.82;1.02;11
84;"Pico";24;0.581;0.781;11
84;"Pico";24;0.5;0.7;11
84;"Pico";24;1.965;2.165;11
84;"Pico";24;0.456;0.656;11
84;"Pico";24;1.028;1.228;11
84;"Pico";24;1.086;1.286;11
84;"Pico";24;1.248;1.448;11
84;"Pico";24;1.272;1.472;11
84;"Pico";24;0.835;1.035;11
84;"Pico";24;0.637;0.837;11
84;"Pico";24;0.728;0.928;11
84;"Pico";24;0.845;1.045;11
84;"Pico";24;0.162;0.362;11
84;"Pico";24;1.605;1.805;11
84;"Pico";24;0.573;0.773;11
84;"Pico";24;0.319;0.519;11
85;"Pico";24;1.998;2.198;11
85;"Pico";24;0.19;0.39;11
85;"Pico";24;1.423;1.623;11
85;"Pico";24;1.117;1.317;11
85;"Pico";24;1.89;2.09;11
85;"Pico";24;0.89;1.09;11
85;"Pico";24;0.919;1.119;11
85;"Pico";24;0.962;1.162;11
85;"Pico";24;0.82;1.02;11
85;"Pico";24;0.581;0.781;11
85;"Pico";24;0.5;0.7;11
85;"Pico";24;1.965;2.165;11
85;"Pico";24;0.456;0.656;11
85;"Pico";24;1.028;1.228;11
85;"Pico";24;1.086;1.286;11
85;"Pico";24;1.248;1.448;11
85;"Pico";24;1.272;1.472;11
85;"Pico";24;0.835;1.035;11
85;"Pico";24;0.637;0.837;11
85;"Pico";24;0.728;0.928;11
85;"Pico";24;0.845;1.045;11
85;"Pico";24;0.162;0.362;11
85;"Pico";24;1.605;1.805;11
85;"Pico";24;0.573;0.773;11
85;"Pico";24;0.319;0.519;11
86;"Pico";24;1.998;2.198;11
86;"Pico";24;0.19;0.39;11
86;"Pico";24;1.423;1.623;11
86;"Pico";24;1.117;1.317;11
86;"Pico";24;1.89;2.09;11
86;"Pico";24;0.89;1.09;11
86;"Pico";24;0.919;1.119;11
86;"Pico";24;0.962;1.162;11
86;"Pico";24;0.82;1.02;11
86;"Pico";24;0.581;0.781;11
86;"Pico";24;0.5;0.7;11
86;"Pico";24;1.965;2.165;11
86;"Pico";24;0.456;0.656;11
86;"Pico";24;1.028;1.228;11
86;"Pico";24;1.086;1.286;11
86;"Pico";24;1.248;1.448;11
86;"Pico";24;1.272;1.472;11
86;"Pico";24;0.835;1.035;11
86;"Pico";24;0.637;0.837;11
86;"Pico";24;0.728;0.928;11
86;"Pico";24;0.845;1.045;11
86;"Pico";24;0.162;0.362;11
86;"Pico";24;1.605;1.805;11
86;"Pico";24;0.573;0.773;11
86;"Pico";24;0.319;0.519;11
87;"Pico";24;1.998;2.198;11
87;"Pico";24;0.19;0.39;11
87;"Pico";24;1.423;1.623;11
87;"Pico";24;1.117;1.317;11
87;"Pico";24;1.89;2.09;11
87;"Pico";24;0.89;1.09;11
87;"Pico";24;0.919;1.119;11
87;"Pico";24;0.962;1.162;11
87;"Pico";24;0.82;1.02;11
87;"Pico";24;0.581;0.781;11
87;"Pico";24;0.5;0.7;11
87;"Pico";24;1.965;2.165;11
87;"Pico";24;0.456;0.656;11
87;"Pico";24;1.028;1.228;11
87;"Pico";24;1.086;1.286;11
87;"Pico";24;1.248;1.448;11
87;"Pico";24;1.272;1.472;11
87;"Pico";24;0.835;1.035;11
87;"Pico";24;0.637;0.837;11
87;"Pico";24;0.728;0.928;11
87;"Pico";24;0.845;1.045;11
87;"Pico";24;0.162;0.362;11
87;"Pico";24;1.605;1.805;11
87;"Pico";24;0.573;0.773;11
87;"Pico";24;0.319;0.519;11
88;"Pico";24;1.998;2.198;11
88;"Pico";24;0.19;0.39;11
88;"Pico";24;1.423;1.623;11
88;"Pico";24;1.117;1.317;11
88;"Pico";24;1.89;2.09;11
88;"Pico";24;0.89;1.09;11
88;"Pico";24;0.919;1.119;11
88;"Pico";24;0.962;1.162;11
88;"Pico";24;0.82;1.02;11
88;"Pico";24;0.581;0.781;11
88;"Pico";24;0.5;0.7;11
88;"Pico";24;1.965;2.165;11
88;"Pico";24;0.456;0.656;11
88;"Pico";24;1.028;1.228;11
88;"Pico";24;1.086;1.286;11
88;"Pico";24;1.248;1.448;11
88;"Pico";24;1.272;1.472;11
88;"Pico";24;0.835;1.035;11
88;"Pico";24;0.637;0.837;11
88;"Pico";24;0.728;0.928;11
88;"Pico";24;0.845;1.045;11
88;"Pico";24;0.162;0.362;11
88;"Pico";24;1.605;1.805;11
88;"Pico";24;0.573;0.773;11
88;"Pico";24;0.319;0.519;11
89;"Pico";24;1.998;2.198;11
89;"Pico";24;0.19;0.39;11
89;"Pico";24;1.423;1.623;11
89;"Pico";24;1.117;1.317;11
89;"Pico";24;1.89;2.09;11
89;"Pico";24;0.89;1.09;11
89;"Pico";24;0.919;1.119;11
89;"Pico";24;0.962;1.162;11
89;"Pico";24;0.82;1.02;11
89;"Pico";24;0.581;0.781;11
89;"Pico";24;0.5;0.7;11
89;"Pico";24;1.965;2.165;11
89;"Pico";24;0.456;0.656;11
89;"Pico";24;1.028;1.228;11
89;"Pico";24;1.086;1.286;11
89;"Pico";24;1.248;1.448;11
89;"Pico";24;1.272;1.472;11
89;"Pico";24;0.835;1.035;11
89;"Pico";24;0.637;0.837;11
89;"Pico";24;0.728;0.928;11
89;"Pico";24;0.845;1.045;11
89;"Pico";24;0.162;0.362;11
89;"Pico";24;1.605;1.805;11
89;"Pico";24;0.573;0.773;11
89;"Pico";24;0.319;0.519;11
90;"Pico";24;1.998;2.198;11
90;"Pico";24;0.19;0.39;11
90;"Pico";24;1.423;1.623;11
90;"Pico";24;1.117;1.317;11
90;"Pico";24;1.89;2.09;11
90;"Pico";24;0.89;1.09;11
90;"Pico";24;0.919;1.119;11
90;"Pico";24;0.962;1.162;11
90;"Pico";24;0.82;1.02;11
90;"Pico";24;0.581;0.781;11
90;"Pico";24;0.5;0.7;11
90;"Pico";24;1.965;2.165;11
90;"Pico";24;0.456;0.656;11
90;"Pico";24;1.028;1.228;11
90;"Pico";24;1.086;1.286;11
90;"Pico";24;1.248;1.448;11
90;"Pico";24;1.272;1.472;11
90;"Pico";24;0.835;1.035;11
90;"Pico";24;0.637;0.837;11
90;"Pico";24;0.728;0.928;11
90;"Pico";24;0.845;1.045;11
90;"Pico";24;0.162;0.362;11
90;"Pico";24;1.605;1.805;11
90;"Pico";24;0.573;0.773;11
90;"Pico";24;0.319;0.519;11
91;"Pico";24;1.998;2.198;11
91;"Pico";24;0.19;0.39;11
91;"Pico";24;1.423;1.623;11
91;"Pico";24;1.117;1.317;11
91;"Pico";24;1.89;2.09;11
91;"Pico";24;0.89;1.09;11
91;"Pico";24;0.919;1.119;11
91;"Pico";24;0.962;1.162;11
91;"Pico";24;0.82;1.02;11
91;"Pico";24;0.581;0.781;11
91;"Pico";24;0.5;0.7;11
91;"Pico";24;1.965;2.165;11
91;"Pico";24;0.456;0.656;11
91;"Pico";24;1.028;1.228;11
91;"Pico";24;1.086;1.286;11
91;"Pico";24;1.248;1.448;11
91;"Pico";24;1.272;1.472;11
91;"Pico";24;0.835;1.035;11
91;"Pico";24;0.637;0.837;11
91;"Pico";24;0.728;0.928;11
91;"Pico";24;0.845;1.045;11
91;"Pico";24;0.162;0.362;11
91;"Pico";24;1.605;1.805;11
91;"Pico";24;0.573;0.773;11
91;"Pico";24;0.319;0.519;11
92;"Pico";24;1.998;2.198;11
92;"Pico";24;0.19;0.39;11
92;"Pico";24;1.423;1.623;11
92;"Pico";24;1.117;1.317;11
92;"Pico";24;1.89;2.09;11
92;"Pico";24;0.89;1.09;11
92;"Pico";24;0.919;1.119;11
92;"Pico";24;0.962;1.162;11
92;"Pico";24;0.82;1.02;11
92;"Pico";24;0.581;0.781;11
92;"Pico";24;0.5;0.7;11
92;"Pico";24;1.965;2.165;11
92;"Pico";24;0.456;0.656;11
92;"Pico";24;1.028;1.228;11
92;"Pico";24;1.086;1.286;11
92;"Pico";24;1.248;1.448;11
92;"Pico";24;1.272;1.472;11
92;"Pico";24;0.835;1.035;11
92;"Pico";24;0.637;0.837;11
92;"Pico";24;0.728;0.928;11
92;"Pico";24;0.845;1.045;11
92;"Pico";24;0.162;0.362;11
92;"Pico";24;1.605;1.805;11
92;"Pico";24;0.573;0.773;11
92;"Pico";24;0.319;0.519;11
93;"Pico";24;1.998;2.198;11
93;"Pico";24;0.19;0.39;11
93;"Pico";24;1.423;1.623;11
93;"Pico";24;1.117;1.317;11
93;"Pico";24;1.89;2.09;11
93;"Pico";24;0.89;1.09;11
93;"Pico";24;0.919;1.119;11
93;"Pico";24;0.962;1.162;11
93;"Pico";24;0.82;1.02;11
93;"Pico";24;0.581;0.781;11
93;"Pico";24;0.5;0.7;11
93;"Pico";24;1.965;2.165;11
93;"Pico";24;0.456;0.656;11
93;"Pico";24;1.028;1.228;11
93;"Pico";24;1.086;1.286;11
93;"Pico";24;1.248;1.448;11
93;"Pico";24;1.272;1.472;11
93;"Pico";24;0.835;1.035;11
93;"Pico";24;0.637;0.837;11
93;"Pico";24;0.728;0.928;11
93;"Pico";24;0.845;1.045;11
93;"Pico";24;0.162;0.362;11
93;"Pico";24;1.605;1.805;11
93;"Pico";24;0.573;0.773;11
93;"Pico";24;0.319;0.519;11
94;"Pico";24;1.998;2.198;11
94;"Pico";24;0.19;0.39;11
94;"Pico";24;1.423;1.623;11
94;"Pico";24;1.117;1.317;11
94;"Pico";24;1.89;2.09;11
94;"Pico";24;0.89;1.09;11
94;"Pico";24;0.919;1.119;11
94;"Pico";24;0.962;1.162;11
94;"Pico";24;0.82;1.02;11
94;"Pico";24;0.581;0.781;11
94;"Pico";24;0.5;0.7;11
94;"Pico";24;1.965;2.165;11
94;"Pico";24;0.456;0.656;11
94;"Pico";24;1.028;1.228;11
94;"Pico";24;1.086;1.286;11
94;"Pico";24;1.248;1.448;11
94;"Pico";24;1.272;1.472;11
94;"Pico";24;0.835;1.035;11
94;"Pico";24;0.637;0.837;11
94;"Pico";24;0.728;0.928;11
94;"Pico";24;0.845;1.045;11
94;"Pico";24;0.162;0.362;11
94;"Pico";24;1.605;1.805;11
94;"Pico";24;0.573;0.773;11
94;"Pico";24;0.319;0.519;11
95;"Pico";24;1.998;2.198;11
95;"Pico";24;0.19;0.39;11
95;"Pico";24;1.423;1.623;11
95;"Pico";24;1.117;1.317;11
95;"Pico";24;1.89;2.09;11
95;"Pico";24;0.89;1.09;11
95;"Pico";24;0.919;1.119;11
95;"Pico";24;0.962;1.162;11
95;"Pico";24;0.82;1.02;11
95;"Pico";24;0.581;0.781;11
95;"Pico";24;0.5;0.7;11
95;"Pico";24;1.965;2.165;11
95;"Pico";24;0.456;0.656;11
95;"Pico";24;1.028;1.228;11
95;"Pico";24;1.086;1.286;11
95;"Pico";24;1.248;1.448;11
95;"Pico";24;1.272;1.472;11
95;"Pico";24;0.835;1.035;11
95;"Pico";24;0.637;0.837;11
95;"Pico";24;0.728;0.928;11
95;"Pico";24;0.845;1.045;11
95;"Pico";24;0.162;0.362;11
95;"Pico";24;1.605;1.805;11
95;"Pico";24;0.573;0.773;11
95;"Pico";24;0.319;0.519;11
96;"Pico";24;1.998;2.198;11
96;"Pico";24;0.19;0.39;11
96;"Pico";24;1.423;1.623;11
96;"Pico";24;1.117;1.317;11
96;"Pico";24;1.89;2.09;11
96;"Pico";24;0.89;1.09;11
96;"Pico";24;0.919;1.119;11
96;"Pico";24;0.962;1.162;11
96;"Pico";24;0.82;1.02;11
96;"Pico";24;0.581;0.781;11
96;"Pico";24;0.5;0.7;11
96;"Pico";24;1.965;2.165;11
96;"Pico";24;0.456;0.656;11
96;"Pico";24;1.028;1.228;11
96;"Pico";24;1.086;1.286;11
96;"Pico";24;1.248;1.448;11
96;"Pico";24;1.272;1.472;11
96;"Pico";24;0.835;1.035;11
96;"Pico";24;0.637;0.837;11
96;"Pico";24;0.728;0.928;11
96;"Pico";24;0.845;1.045;11
96;"Pico";24;0.162;0.362;11
96;"Pico";24;1.605;1.805;11
96;"Pico";24;0.573;0.773;11
96;"Pico";24;0.319;0.519;11
97;"Pico";24;1.998;2.198;11
97;"Pico";24;0.19;0.39;11
97;"Pico";24;1.423;1.623;11
97;"Pico";24;1.117;1.317;11
97;"Pico";24;1.89;2.09;11
97;"Pico";24;0.89;1.09;11
97;"Pico";24;0.919;1.119;11
97;"Pico";24;0.962;1.162;11
97;"Pico";24;0.82;1.02;11
97;"Pico";24;0.581;0.781;11
97;"Pico";24;0.5;0.7;11
97;"Pico";24;1.965;2.165;11
97;"Pico";24;0.456;0.656;11
97;"Pico";24;1.028;1.228;11
97;"Pico";24;1.086;1.286;11
97;"Pico";24;1.248;1.448;11
97;"Pico";24;1.272;1.472;11
97;"Pico";24;0.835;1.035;11
97;"Pico";24;0.637;0.837;11
97;"Pico";24;0.728;0.928;11
97;"Pico";24;0.845;1.045;11
97;"Pico";24;0.162;0.362;11
97;"Pico";24;1.605;1.805;11
97;"Pico";24;0.573;0.773;11
97;"Pico";24;0.319;0.519;11
98;"Pico";24;1.998;2.198;11
98;"Pico";24;0.19;0.39;11
98;"Pico";24;1.423;1.623;11
98;"Pico";24;1.117;1.317;11
98;"Pico";24;1.89;2.09;11
98;"Pico";24;0.89;1.09;11
98;"Pico";24;0.919;1.119;11
98;"Pico";24;0.962;1.162;11
98;"Pico";24;0.82;1.02;11
98;"Pico";24;0.581;0.781;11
98;"Pico";24;0.5;0.7;11
98;"Pico";24;1.965;2.165;11
98;"Pico";24;0.456;0.656;11
98;"Pico";24;1.028;1.228;11
98;"Pico";24;1.086;1.286;11
98;"Pico";24;1.248;1.448;11
98;"Pico";24;1.272;1.472;11
98;"Pico";24;0.835;1.035;11
98;"Pico";24;0.637;0.837;11
98;"Pico";24;0.728;0.928;11
98;"Pico";24;0.845;1.045;11
98;"Pico";24;0.162;0.362;11
98;"Pico";24;1.605;1.805;11
98;"Pico";24;0.573;0.773;11
98;"Pico";24;0.319;0.519;11
99;"Pico";24;1.998;2.198;11
99;"Pico";24;0.19;0.39;11
99;"Pico";24;1.423;1.623;11
99;"Pico";24;1.117;1.317;11
99;"Pico";24;1.89;2.09;11
99;"Pico";24;0.89;1.09;11
99;"Pico";24;0.919;1.119;11
99;"Pico";24;0.962;1.162;11
99;"Pico";24;0.82;1.02;11
99;"Pico";24;0.581;0.781;11
99;"Pico";24;0.5;0.7;11
99;"Pico";24;1.965;2.165;11
99;"Pico";24;0.456;0.656;11
99;"Pico";24;1.028;1.228;11
99;"Pico";24;1.086;1.286;11
99;"Pico";24;1.248;1.448;11
99;"Pico";24;1.272;1.472;11
99;"Pico";24;0.835;1.035;11
99;"Pico";24;0.637;0.837;11
99;"Pico";24;0.728;0.928;11
99;"Pico";24;0.845;1.045;11
99;"Pico";24;0.162;0.362;11
99;"Pico";24;1.605;1.805;11
99;"Pico";24;0.573;0.773;11
99;"Pico";24;0.319;0.519;11
100;"Pico";24;1.998;2.198;11
100;"Pico";24;0.19;0.39;11
100;"Pico";24;1.423;1.623;11
100;"Pico";24;1.117;1.317;11
100;"Pico";24;1.89;2.09;11
100;"Pico";24;0.89;1.09;11
100;"Pico";24;0.919;1.119;11
100;"Pico";24;0.962;1.162;11
100;"Pico";24;0.82;1.02;11
100;"Pico";24;0.581;0.781;11
100;"Pico";24;0.5;0.7;11
100;"Pico";24;1.965;2.165;11
100;"Pico";24;0.456;0.656;11
100;"Pico";24;1.028;1.228;11
100;"Pico";24;1.086;1.286;11
100;"Pico";24;1.248;1.448;11
100;"Pico";24;1.272;1.472;11
100;"Pico";24;0.835;1.035;11
100;"Pico";24;0.637;0.837;11
100;"Pico";24;0.728;0.928;11
100;"Pico";24;0.845;1.045;11
100;"Pico";24;0.162;0.362;11
100;"Pico";24;1.605;1.805;11
100;"Pico";24;0.573;0.773;11
100;"Pico";24;0.319;0.519;11
101;"Pico";24;1.998;2.198;11
101;"Pico";24;0.19;0.39;11
101;"Pico";24;1.423;1.623;11
101;"Pico";24;1.117;1.317;11
101;"Pico";24;1.89;2.09;11
101;"Pico";24;0.89;1.09;11
101;"Pico";24;0.919;1.119;11
101;"Pico";24;0.962;1.162;11
101;"Pico";24;0.82;1.02;11
101;"Pico";24;0.581;0.781;11
101;"Pico";24;0.5;0.7;11
101;"Pico";24;1.965;2.165;11
101;"Pico";24;0.456;0.656;11
101;"Pico";24;1.028;1.228;11
101;"Pico";24;1.086;1.286;11
101;"Pico";24;1.248;1.448;11
101;"Pico";24;1.272;1.472;11
101;"Pico";24;0.835;1.035;11
101;"Pico";24;0.637;0.837;11
101;"Pico";24;0.728;0.928;11
101;"Pico";24;0.845;1.045;11
101;"Pico";24;0.162;0.362;11
101;"Pico";24;1.605;1.805;11
101;"Pico";24;0.573;0.773;11
101;"Pico";24;0.319;0.519;11
102;"Pico";24;1.998;2.198;11
102;"Pico";24;0.19;0.39;11
102;"Pico";24;1.423;1.623;11
102;"Pico";24;1.117;1.317;11
102;"Pico";24;1.89;2.09;11
102;"Pico";24;0.89;1.09;11
102;"Pico";24;0.919;1.119;11
102;"Pico";24;0.962;1.162;11
102;"Pico";24;0.82;1.02;11
102;"Pico";24;0.581;0.781;11
102;"Pico";24;0.5;0.7;11
102;"Pico";24;1.965;2.165;11
102;"Pico";24;0.456;0.656;11
102;"Pico";24;1.028;1.228;11
102;"Pico";24;1.086;1.286;11
102;"Pico";24;1.248;1.448;11
102;"Pico";24;1.272;1.472;11
102;"Pico";24;0.835;1.035;11
102;"Pico";24;0.637;0.837;11
102;"Pico";24;0.728;0.928;11
102;"Pico";24;0.845;1.045;11
102;"Pico";24;0.162;0.362;11
102;"Pico";24;1.605;1.805;11
102;"Pico";24;0.573;0.773;11
102;"Pico";24;0.319;0.519;11
103;"Pico";24;1.998;2.198;11
103;"Pico";24;0.19;0.39;11
103;"Pico";24;1.423;1.623;11
103;"Pico";24;1.117;1.317;11
103;"Pico";24;1.89;2.09;11
103;"Pico";24;0.89;1.09;11
103;"Pico";24;0.919;1.119;11
103;"Pico";24;0.962;1.162;11
103;"Pico";24;0.82;1.02;11
103;"Pico";24;0.581;0.781;11
103;"Pico";24;0.5;0.7;11
103;"Pico";24;1.965;2.165;11
103;"Pico";24;0.456;0.656;11
103;"Pico";24;1.028;1.228;11
103;"Pico";24;1.086;1.286;11
103;"Pico";24;1.248;1.448;11
103;"Pico";24;1.272;1.472;11
103;"Pico";24;0.835;1.035;11
103;"Pico";24;0.637;0.837;11
103;"Pico";24;0.728;0.928;11
103;"Pico";24;0.845;1.045;11
103;"Pico";24;0.162;0.362;11
103;"Pico";24;1.605;1.805;11
103;"Pico";24;0.573;0.773;11
103;"Pico";24;0.319;0.519;11
104;"Pico";24;1.998;2.198;11
104;"Pico";24;0.19;0.39;11
104;"Pico";24;1.423;1.623;11
104;"Pico";24;1.117;1.317;11
104;"Pico";24;1.89;2.09;11
104;"Pico";24;0.89;1.09;11
104;"Pico";24;0.919;1.119;11
104;"Pico";24;0.962;1.162;11
104;"Pico";24;0.82;1.02;11
104;"Pico";24;0.581;0.781;11
104;"Pico";24;0.5;0.7;11
104;"Pico";24;1.965;2.165;11
104;"Pico";24;0.456;0.656;11
104;"Pico";24;1.028;1.228;11
104;"Pico";24;1.086;1.286;11
104;"Pico";24;1.248;1.448;11
104;"Pico";24;1.272;1.472;11
104;"Pico";24;0.835;1.035;11
104;"Pico";24;0.637;0.837;11
104;"Pico";24;0.728;0.928;11
104;"Pico";24;0.845;1.045;11
104;"Pico";24;0.162;0.362;11
104;"Pico";24;1.605;1.805;11
104;"Pico";24;0.573;0.773;11
104;"Pico";24;0.319;0.519;11
105;"Pico";24;1.998;2.198;11
105;"Pico";24;0.19;0.39;11
105;"Pico";24;1.423;1.623;11
105;"Pico";24;1.117;1.317;11
105;"Pico";24;1.89;2.09;11
105;"Pico";24;0.89;1.09;11
105;"Pico";24;0.919;1.119;11
105;"Pico";24;0.962;1.162;11
105;"Pico";24;0.82;1.02;11
105;"Pico";24;0.581;0.781;11
105;"Pico";24;0.5;0.7;11
105;"Pico";24;1.965;2.165;11
105;"Pico";24;0.456;0.656;11
105;"Pico";24;1.028;1.228;11
105;"Pico";24;1.086;1.286;11
105;"Pico";24;1.248;1.448;11
105;"Pico";24;1.272;1.472;11
105;"Pico";24;0.835;1.035;11
105;"Pico";24;0.637;0.837;11
105;"Pico";24;0.728;0.928;11
105;"Pico";24;0.845;1.045;11
105;"Pico";24;0.162;0.362;11
105;"Pico";24;1.605;1.805;11
105;"Pico";24;0.573;0.773;11
105;"Pico";24;0.319;0.519;11
106;"Pico";24;1.998;2.198;11
106;"Pico";24;0.19;0.39;11
106;"Pico";24;1.423;1.623;11
106;"Pico";24;1.117;1.317;11
106;"Pico";24;1.89;2.09;11
106;"Pico";24;0.89;1.09;11
106;"Pico";24;0.919;1.119;11
106;"Pico";24;0.962;1.162;11
106;"Pico";24;0.82;1.02;11
106;"Pico";24;0.581;0.781;11
106;"Pico";24;0.5;0.7;11
106;"Pico";24;1.965;2.165;11
106;"Pico";24;0.456;0.656;11
106;"Pico";24;1.028;1.228;11
106;"Pico";24;1.086;1.286;11
106;"Pico";24;1.248;1.448;11
106;"Pico";24;1.272;1.472;11
106;"Pico";24;0.835;1.035;11
106;"Pico";24;0.637;0.837;11
106;"Pico";24;0.728;0.928;11
106;"Pico";24;0.845;1.045;11
106;"Pico";24;0.162;0.362;11
106;"Pico";24;1.605;1.805;11
106;"Pico";24;0.573;0.773;11
106;"Pico";24;0.319;0.519;11
107;"Pico";24;1.998;2.198;11
107;"Pico";24;0.19;0.39;11
107;"Pico";24;1.423;1.623;11
107;"Pico";24;1.117;1.317;11
107;"Pico";24;1.89;2.09;11
107;"Pico";24;0.89;1.09;11
107;"Pico";24;0.919;1.119;11
107;"Pico";24;0.962;1.162;11
107;"Pico";24;0.82;1.02;11
107;"Pico";24;0.581;0.781;11
107;"Pico";24;0.5;0.7;11
107;"Pico";24;1.965;2.165;11
107;"Pico";24;0.456;0.656;11
107;"Pico";24;1.028;1.228;11
107;"Pico";24;1.086;1.286;11
107;"Pico";24;1.248;1.448;11
107;"Pico";24;1.272;1.472;11
107;"Pico";24;0.835;1.035;11
107;"Pico";24;0.637;0.837;11
107;"Pico";24;0.728;0.928;11
107;"Pico";24;0.845;1.045;11
107;"Pico";24;0.162;0.362;11
107;"Pico";24;1.605;1.805;11
107;"Pico";24;0.573;0.773;11
107;"Pico";24;0.319;0.519;11
108;"Pico";24;1.998;2.198;11
108;"Pico";24;0.19;0.39;11
108;"Pico";24;1.423;1.623;11
108;"Pico";24;1.117;1.317;11
108;"Pico";24;1.89;2.09;11
108;"Pico";24;0.89;1.09;11
108;"Pico";24;0.919;1.119;11
108;"Pico";24;0.962;1.162;11
108;"Pico";24;0.82;1.02;11
108;"Pico";24;0.581;0.781;11
108;"Pico";24;0.5;0.7;11
108;"Pico";24;1.965;2.165;11
108;"Pico";24;0.456;0.656;11
108;"Pico";24;1.028;1.228;11
108;"Pico";24;1.086;1.286;11
108;"Pico";24;1.248;1.448;11
108;"Pico";24;1.272;1.472;11
108;"Pico";24;0.835;1.035;11
108;"Pico";24;0.637;0.837;11
108;"Pico";24;0.728;0.928;11
108;"Pico";24;0.845;1.045;11
108;"Pico";24;0.162;0.362;11
108;"Pico";24;1.605;1.805;11
108;"Pico";24;0.573;0.773;11
108;"Pico";24;0.319;0.519;11
109;"Pico";24;1.998;2.198;11
109;"Pico";24;0.19;0.39;11
109;"Pico";24;1.423;1.623;11
109;"Pico";24;1.117;1.317;11
109;"Pico";24;1.89;2.09;11
109;"Pico";24;0.89;1.09;11
109;"Pico";24;0.919;1.119;11
109;"Pico";24;0.962;1.162;11
109;"Pico";24;0.82;1.02;11
109;"Pico";24;0.581;0.781;11
109;"Pico";24;0.5;0.7;11
109;"Pico";24;1.965;2.165;11
109;"Pico";24;0.456;0.656;11
109;"Pico";24;1.028;1.228;11
109;"Pico";24;1.086;1.286;11
109;"Pico";24;1.248;1.448;11
109;"Pico";24;1.272;1.472;11
109;"Pico";24;0.835;1.035;11
109;"Pico";24;0.637;0.837;11
109;"Pico";24;0.728;0.928;11
109;"Pico";24;0.845;1.045;11
109;"Pico";24;0.162;0.362;11
109;"Pico";24;1.605;1.805;11
109;"Pico";24;0.573;0.773;11
109;"Pico";24;0.319;0.519;11
110;"Pico";24;1.998;2.198;11
110;"Pico";24;0.19;0.39;11
110;"Pico";24;1.423;1.623;11
110;"Pico";24;1.117;1.317;11
110;"Pico";24;1.89;2.09;11
110;"Pico";24;0.89;1.09;11
110;"Pico";24;0.919;1.119;11
110;"Pico";24;0.962;1.162;11
110;"Pico";24;0.82;1.02;11
110;"Pico";24;0.581;0.781;11
110;"Pico";24;0.5;0.7;11
110;"Pico";24;1.965;2.165;11
110;"Pico";24;0.456;0.656;11
110;"Pico";24;1.028;1.228;11
110;"Pico";24;1.086;1.286;11
110;"Pico";24;1.248;1.448;11
110;"Pico";24;1.272;1.472;11
110;"Pico";24;0.835;1.035;11
110;"Pico";24;0.637;0.837;11
110;"Pico";24;0.728;0.928;11
110;"Pico";24;0.845;1.045;11
110;"Pico";24;0.162;0.362;11
110;"Pico";24;1.605;1.805;11
110;"Pico";24;0.573;0.773;11
110;"Pico";24;0.319;0.519;11
111;"Pico";24;1.998;2.198;11
111;"Pico";24;0.19;0.39;11
111;"Pico";24;1.423;1.623;11
111;"Pico";24;1.117;1.317;11
111;"Pico";24;1.89;2.09;11
111;"Pico";24;0.89;1.09;11
111;"Pico";24;0.919;1.119;11
111;"Pico";24;0.962;1.162;11
111;"Pico";24;0.82;1.02;11
111;"Pico";24;0.581;0.781;11
111;"Pico";24;0.5;0.7;11
111;"Pico";24;1.965;2.165;11
111;"Pico";24;0.456;0.656;11
111;"Pico";24;1.028;1.228;11
111;"Pico";24;1.086;1.286;11
111;"Pico";24;1.248;1.448;11
111;"Pico";24;1.272;1.472;11
111;"Pico";24;0.835;1.035;11
111;"Pico";24;0.637;0.837;11
111;"Pico";24;0.728;0.928;11
111;"Pico";24;0.845;1.045;11
111;"Pico";24;0.162;0.362;11
111;"Pico";24;1.605;1.805;11
111;"Pico";24;0.573;0.773;11
111;"Pico";24;0.319;0.519;11
112;"Pico";24;1.998;2.198;11
112;"Pico";24;0.19;0.39;11
112;"Pico";24;1.423;1.623;11
112;"Pico";24;1.117;1.317;11
112;"Pico";24;1.89;2.09;11
112;"Pico";24;0.89;1.09;11
112;"Pico";24;0.919;1.119;11
112;"Pico";24;0.962;1.162;11
112;"Pico";24;0.82;1.02;11
112;"Pico";24;0.581;0.781;11
112;"Pico";24;0.5;0.7;11
112;"Pico";24;1.965;2.165;11
112;"Pico";24;0.456;0.656;11
112;"Pico";24;1.028;1.228;11
112;"Pico";24;1.086;1.286;11
112;"Pico";24;1.248;1.448;11
112;"Pico";24;1.272;1.472;11
112;"Pico";24;0.835;1.035;11
112;"Pico";24;0.637;0.837;11
112;"Pico";24;0.728;0.928;11
112;"Pico";24;0.845;1.045;11
112;"Pico";24;0.162;0.362;11
112;"Pico";24;1.605;1.805;11
112;"Pico";24;0.573;0.773;11
112;"Pico";24;0.319;0.519;11
113;"Pico";24;1.998;2.198;11
113;"Pico";24;0.19;0.39;11
113;"Pico";24;1.423;1.623;11
113;"Pico";24;1.117;1.317;11
113;"Pico";24;1.89;2.09;11
113;"Pico";24;0.89;1.09;11
113;"Pico";24;0.919;1.119;11
113;"Pico";24;0.962;1.162;11
113;"Pico";24;0.82;1.02;11
113;"Pico";24;0.581;0.781;11
113;"Pico";24;0.5;0.7;11
113;"Pico";24;1.965;2.165;11
113;"Pico";24;0.456;0.656;11
113;"Pico";24;1.028;1.228;11
113;"Pico";24;1.086;1.286;11
113;"Pico";24;1.248;1.448;11
113;"Pico";24;1.272;1.472;11
113;"Pico";24;0.835;1.035;11
113;"Pico";24;0.637;0.837;11
113;"Pico";24;0.728;0.928;11
113;"Pico";24;0.845;1.045;11
113;"Pico";24;0.162;0.362;11
113;"Pico";24;1.605;1.805;11
113;"Pico";24;0.573;0.773;11
113;"Pico";24;0.319;0.519;11
114;"Pico";24;1.998;2.198;11
114;"Pico";24;0.19;0.39;11
114;"Pico";24;1.423;1.623;11
114;"Pico";24;1.117;1.317;11
114;"Pico";24;1.89;2.09;11
114;"Pico";24;0.89;1.09;11
114;"Pico";24;0.919;1.119;11
114;"Pico";24;0.962;1.162;11
114;"Pico";24;0.82;1.02;11
114;"Pico";24;0.581;0.781;11
114;"Pico";24;0.5;0.7;11
114;"Pico";24;1.965;2.165;11
114;"Pico";24;0.456;0.656;11
114;"Pico";24;1.028;1.228;11
114;"Pico";24;1.086;1.286;11
114;"Pico";24;1.248;1.448;11
114;"Pico";24;1.272;1.472;11
114;"Pico";24;0.835;1.035;11
114;"Pico";24;0.637;0.837;11
114;"Pico";24;0.728;0.928;11
114;"Pico";24;0.845;1.045;11
114;"Pico";24;0.162;0.362;11
114;"Pico";24;1.605;1.805;11
114;"Pico";24;0.573;0.773;11
114;"Pico";24;0.319;0.519;11
115;"Pico";24;1.998;2.198;11
115;"Pico";24;0.19;0.39;11
115;"Pico";24;1.423;1.623;11
115;"Pico";24;1.117;1.317;11
115;"Pico";24;1.89;2.09;11
115;"Pico";24;0.89;1.09;11
115;"Pico";24;0.919;1.119;11
115;"Pico";24;0.962;1.162;11
115;"Pico";24;0.82;1.02;11
115;"Pico";24;0.581;0.781;11
115;"Pico";24;0.5;0.7;11
115;"Pico";24;1.965;2.165;11
115;"Pico";24;0.456;0.656;11
115;"Pico";24;1.028;1.228;11
115;"Pico";24;1.086;1.286;11
115;"Pico";24;1.248;1.448;11
115;"Pico";24;1.272;1.472;11
115;"Pico";24;0.835;1.035;11
115;"Pico";24;0.637;0.837;11
115;"Pico";24;0.728;0.928;11
115;"Pico";24;0.845;1.045;11
115;"Pico";24;0.162;0.362;11
115;"Pico";24;1.605;1.805;11
115;"Pico";24;0.573;0.773;11
115;"Pico";24;0.319;0.519;11
116;"Pico";24;1.998;2.198;11
116;"Pico";24;0.19;0.39;11
116;"Pico";24;1.423;1.623;11
116;"Pico";24;1.117;1.317;11
116;"Pico";24;1.89;2.09;11
116;"Pico";24;0.89;1.09;11
116;"Pico";24;0.919;1.119;11
116;"Pico";24;0.962;1.162;11
116;"Pico";24;0.82;1.02;11
116;"Pico";24;0.581;0.781;11
116;"Pico";24;0.5;0.7;11
116;"Pico";24;1.965;2.165;11
116;"Pico";24;0.456;0.656;11
116;"Pico";24;1.028;1.228;11
116;"Pico";24;1.086;1.286;11
116;"Pico";24;1.248;1.448;11
116;"Pico";24;1.272;1.472;11
116;"Pico";24;0.835;1.035;11
116;"Pico";24;0.637;0.837;11
116;"Pico";24;0.728;0.928;11
116;"Pico";24;0.845;1.045;11
116;"Pico";24;0.162;0.362;11
116;"Pico";24;1.605;1.805;11
116;"Pico";24;0.573;0.773;11
116;"Pico";24;0.319;0.519;11
117;"Pico";24;1.998;2.198;11
117;"Pico";24;0.19;0.39;11
117;"Pico";24;1.423;1.623;11
117;"Pico";24;1.117;1.317;11
117;"Pico";24;1.89;2.09;11
117;"Pico";24;0.89;1.09;11
117;"Pico";24;0.919;1.119;11
117;"Pico";24;0.962;1.162;11
117;"Pico";24;0.82;1.02;11
117;"Pico";24;0.581;0.781;11
117;"Pico";24;0.5;0.7;11
117;"Pico";24;1.965;2.165;11
117;"Pico";24;0.456;0.656;11
117;"Pico";24;1.028;1.228;11
117;"Pico";24;1.086;1.286;11
117;"Pico";24;1.248;1.448;11
117;"Pico";24;1.272;1.472;11
117;"Pico";24;0.835;1.035;11
117;"Pico";24;0.637;0.837;11
117;"Pico";24;0.728;0.928;11
117;"Pico";24;0.845;1.045;11
117;"Pico";24;0.162;0.362;11
117;"Pico";24;1.605;1.805;11
117;"Pico";24;0.573;0.773;11
117;"Pico";24;0.319;0.519;11
118;"Pico";24;1.998;2.198;11
118;"Pico";24;0.19;0.39;11
118;"Pico";24;1.423;1.623;11
118;"Pico";24;1.117;1.317;11
118;"Pico";24;1.89;2.09;11
118;"Pico";24;0.89;1.09;11
118;"Pico";24;0.919;1.119;11
118;"Pico";24;0.962;1.162;11
118;"Pico";24;0.82;1.02;11
118;"Pico";24;0.581;0.781;11
118;"Pico";24;0.5;0.7;11
118;"Pico";24;1.965;2.165;11
118;"Pico";24;0.456;0.656;11
118;"Pico";24;1.028;1.228;11
118;"Pico";24;1.086;1.286;11
118;"Pico";24;1.248;1.448;11
118;"Pico";24;1.272;1.472;11
118;"Pico";24;0.835;1.035;11
118;"Pico";24;0.637;0.837;11
118;"Pico";24;0.728;0.928;11
118;"Pico";24;0.845;1.045;11
118;"Pico";24;0.162;0.362;11
118;"Pico";24;1.605;1.805;11
118;"Pico";24;0.573;0.773;11
118;"Pico";24;0.319;0.519;11
119;"Pico";24;1.998;2.198;11
119;"Pico";24;0.19;0.39;11
119;"Pico";24;1.423;1.623;11
119;"Pico";24;1.117;1.317;11
119;"Pico";24;1.89;2.09;11
119;"Pico";24;0.89;1.09;11
119;"Pico";24;0.919;1.119;11
119;"Pico";24;0.962;1.162;11
119;"Pico";24;0.82;1.02;11
119;"Pico";24;0.581;0.781;11
119;"Pico";24;0.5;0.7;11
119;"Pico";24;1.965;2.165;11
119;"Pico";24;0.456;0.656;11
119;"Pico";24;1.028;1.228;11
119;"Pico";24;1.086;1.286;11
119;"Pico";24;1.248;1.448;11
119;"Pico";24;1.272;1.472;11
119;"Pico";24;0.835;1.035;11
119;"Pico";24;0.637;0.837;11
119;"Pico";24;0.728;0.928;11
119;"Pico";24;0.845;1.045;11
119;"Pico";24;0.162;0.362;11
119;"Pico";24;1.605;1.805;11
119;"Pico";24;0.573;0.773;11
119;"Pico";24;0.319;0.519;11
120;"Pico";24;1.998;2.198;11
120;"Pico";24;0.19;0.39;11
120;"Pico";24;1.423;1.623;11
120;"Pico";24;1.117;1.317;11
120;"Pico";24;1.89;2.09;11
120;"Pico";24;0.89;1.09;11
120;"Pico";24;0.919;1.119;11
120;"Pico";24;0.962;1.162;11
120;"Pico";24;0.82;1.02;11
120;"Pico";24;0.581;0.781;11
120;"Pico";24;0.5;0.7;11
120;"Pico";24;1.965;2.165;11
120;"Pico";24;0.456;0.656;11
120;"Pico";24;1.028;1.228;11
120;"Pico";24;1.086;1.286;11
120;"Pico";24;1.248;1.448;11
120;"Pico";24;1.272;1.472;11
120;"Pico";24;0.835;1.035;11
120;"Pico";24;0.637;0.837;11
120;"Pico";24;0.728;0.928;11
120;"Pico";24;0.845;1.045;11
120;"Pico";24;0.162;0.362;11
120;"Pico";24;1.605;1.805;11
120;"Pico";24;0.573;0.773;11
120;"Pico";24;0.319;0.519;11
